0.0 -0.331665122021 -0.524501025677 0.751284003258 
0.0 0.0 0.0 0.0 
0.0 -0.331574740991 -0.524487018585 0.7512819767 
0.0 -0.331679902565 -0.524486005306 0.751277983189 
0.000196094630478 -0.331390683271 -0.524518013 0.751284003258 
0.0105560366412 -0.33133046254 -0.524532973766 0.751300990582 
0.027365438238 -0.331398972359 -0.524523019791 0.751268982887 
0.0360638732572 -0.331449405973 -0.524433016777 0.751188993454 
0.0506628290379 -0.331586359032 -0.523980975151 0.750994026661 
0.0553364364959 -0.33088904359 -0.522644996643 0.750571012497 
0.0675906568392 -0.327952409145 -0.519482970238 0.749198973179 
0.0715040474106 -0.331412953955 -0.517928004265 0.74842697382 
0.0706309637584 -0.331538721738 -0.516394972801 0.7476760149 
0.0743913303948 -0.330774228057 -0.514433979988 0.746810019016 
0.0771514449492 -0.33126205259 -0.510666012764 0.745056986809 
0.0681677612405 -0.33100056346 -0.507852017879 0.743655025959 
0.0865604440863 -0.334594699089 -0.506524980068 0.742846012115 
0.0768709764822 -0.339011019124 -0.502673983574 0.740644991398 
0.081071630813 -0.340237537964 -0.500642001629 0.739475011826 
0.08232566212 -0.341750513069 -0.498885989189 0.738413989544 
0.0826764844835 -0.344659583796 -0.497157990932 0.737348020077 
0.092702383288 -0.345947188894 -0.494971990585 0.736088991165 
0.0842668727945 -0.353707407284 -0.490541994572 0.733832001686 
0.0878181560305 -0.35386370155 -0.488180994987 0.732653975487 
0.0867285862013 -0.355445519369 -0.486241012812 0.731504023075 
0.0846448579945 -0.358538381501 -0.484147012234 0.730122983456 
0.0863035775384 -0.362985594205 -0.479815006256 0.727476000786 
0.080223635513 -0.366003621511 -0.477246999741 0.72606498003 
0.0930812048463 -0.368608625821 -0.474557995796 0.724745988846 
0.0846070507667 -0.371746328927 -0.471671998501 0.723340988159 
0.0939606913298 -0.377220689575 -0.46677300334 0.720286011696 
0.0920989818699 -0.379647528407 -0.464083999395 0.718575000763 
0.0905465872764 -0.388002097774 -0.459179997444 0.715767979622 
0.0899397766806 -0.393704092115 -0.454701006413 0.712963998318 
0.0818216058093 -0.392313589131 -0.452374011278 0.711602985859 
0.104145024852 -0.397623599449 -0.450177997351 0.710201025009 
0.0876022641782 -0.400876617431 -0.447964012623 0.708845019341 
0.0929405894096 -0.404338893296 -0.443212985992 0.70598000288 
0.0886159108993 -0.406337595694 -0.441002011299 0.704486012459 
0.0950794808001 -0.408585336944 -0.438340008259 0.702768981457 
0.0895743275684 -0.412155470833 -0.435573011637 0.701206982136 
0.0933410456966 -0.418029938144 -0.430323988199 0.698104023933 
0.0933601915275 -0.417265144858 -0.428092002869 0.696428000927 
0.0931035710157 -0.42326754377 -0.425655990839 0.694927990437 
0.0921821928838 -0.423149099681 -0.423447012901 0.693709015846 
0.0964974709479 -0.429993057498 -0.419252991676 0.690896987915 
0.0852926199971 -0.430298522075 -0.41730299592 0.689561009407 
0.0958507188878 -0.433284258552 -0.415719985962 0.688257992268 
0.0930390566014 -0.435595449614 -0.413681000471 0.686955988407 
0.0906478056038 -0.443085523601 -0.409002006054 0.683820009232 
0.0925095375468 -0.448040068493 -0.405957013369 0.681702017784 
0.0954606392616 -0.449740929613 -0.404576987028 0.680555999279 
0.0887957997681 -0.452784423396 -0.402076005936 0.678946971893 
0.0942771129462 -0.45611400726 -0.396953999996 0.675620019436 
0.0821856217733 -0.461090123756 -0.394311010838 0.673713982105 
0.104649589172 -0.461677750251 -0.391564011574 0.672082006931 
0.092701311564 -0.465209434752 -0.388938993216 0.670569002628 
0.0926388385369 -0.468703834997 -0.3844229877 0.667756974697 
0.0931509240525 -0.471889108819 -0.382304012775 0.66636300087 
0.0916739434046 -0.472556197382 -0.379965990782 0.664813995361 
0.0913202822924 -0.47293623047 -0.377986997366 0.663492977619 
0.0908631827553 -0.478325836015 -0.373829990625 0.660655021667 
0.0915189552771 -0.48110301369 -0.371697992086 0.659323990345 
0.0917935302918 -0.482559762806 -0.369327008724 0.657819986343 
0.0904880008392 -0.482559396621 -0.367361992598 0.656340003014 
0.0924913109809 -0.487310942059 -0.362931013107 0.653482973576 
0.0847064161151 -0.488401606394 -0.360024005175 0.651364982128 
0.0947030210423 -0.491804427187 -0.357863992453 0.649591982365 
0.0910646211267 -0.492752812141 -0.356245011091 0.6483309865 
0.0966161504129 -0.498547451199 -0.351117998362 0.644802987576 
0.0949820221623 -0.50086969438 -0.348823994398 0.64302200079 
0.0933372879431 -0.501088306616 -0.346754014492 0.641587018967 
0.0964642406624 -0.502166187778 -0.344466000795 0.639912009239 
0.0953923889574 -0.504745359425 -0.340274989605 0.636578977108 
0.0795251365352 -0.505706361104 -0.338476985693 0.634931027889 
0.107164240399 -0.507030551377 -0.336365014315 0.633108973503 
0.0865252925097 -0.510397552654 -0.334488004446 0.631610989571 
0.101405431648 -0.512570658814 -0.330114990473 0.628414988518 
0.0898270962837 -0.517617249211 -0.327993005514 0.626940011978 
0.0914809477242 -0.518449420473 -0.325316995382 0.62531799078 
0.0903057562802 -0.5209813543 -0.322921007872 0.623926997185 
0.0923599977063 -0.523797547284 -0.318094998598 0.620760977268 
0.0932249342432 -0.526467233119 -0.316350996494 0.619526028633 
0.0877507938765 -0.527021337073 -0.313342988491 0.617537021637 
0.101093497512 -0.529353766845 -0.311102002859 0.6160389781 
0.0915107294126 -0.53252106433 -0.306809008121 0.613085985184 
0.0885970521425 -0.532689143084 -0.305189013481 0.611939013004 
0.0967297122776 -0.536799033147 -0.303057998419 0.610320985317 
0.0895430224383 -0.537926648842 -0.301030009985 0.608627021313 
0.0923169763293 -0.53893362334 -0.297017008066 0.605660974979 
0.0892397723531 -0.540454820954 -0.294894993305 0.604086995125 
0.091628458889 -0.543235427448 -0.293060004711 0.602486014366 
0.0920995750487 -0.542042497728 -0.290809005499 0.600829005241 
0.0952419706622 -0.54757195252 -0.285984992981 0.597266018391 
0.0800309067745 -0.547394918886 -0.283641993999 0.595579981804 
0.102834563697 -0.548885123964 -0.280986011028 0.593342006207 
0.09521270349 -0.550185412366 -0.279525995255 0.592031002045 
0.0908628213502 -0.55042336581 -0.275247991085 0.588801026344 
0.0912340886697 -0.552098127951 -0.272924989462 0.587005972862 
0.0918607624119 -0.554722373599 -0.270801991224 0.585395991802 
0.0941980662225 -0.554782760777 -0.268397003412 0.583709001541 
0.0925636401096 -0.557879517782 -0.264185994864 0.580654025078 
0.0943026602239 -0.55931216529 -0.26222500205 0.579316020012 
0.0905183854974 -0.561586970915 -0.260161995888 0.577848017216 
0.09120611378 -0.563244921851 -0.257894992828 0.576286017895 
0.0929650180415 -0.566295106827 -0.253650009632 0.573020994663 
0.0895299326006 -0.567948730127 -0.251542001963 0.571300983429 
0.0916056750402 -0.568459258107 -0.24910800159 0.569418013096 
0.0950325332265 -0.572387287557 -0.24105900526 0.563803970814 
0.0942957071059 -0.571903457766 -0.238940000534 0.561870992184 
0.0952850693351 -0.57181424187 -0.236672997475 0.559993028641 
0.0938832063246 -0.573641103799 -0.234519004822 0.558507025242 
0.0930785007424 -0.57461289128 -0.229911997914 0.555275976658 
0.0827466977366 -0.576892890069 -0.227874994278 0.553605973721 
0.104063849668 -0.578907371696 -0.225692003965 0.551819980145 
0.0863566058476 -0.577238501799 -0.223589003086 0.550208985806 
0.0941279612719 -0.579913380798 -0.219549998641 0.547038972378 
0.092438596625 -0.584246809945 -0.216974005103 0.544952988625 
0.0914957339155 -0.584008124132 -0.214936003089 0.543217003345 
0.0947883679529 -0.586807838807 -0.212739005685 0.54170101881 
0.0895278397099 -0.588090084293 -0.208499997854 0.537922978401 
0.095359006556 -0.588088286659 -0.206279993057 0.536019980907 
0.092770225146 -0.589393368751 -0.204805001616 0.534732997417 
0.0950220210681 -0.592090085671 -0.201984003186 0.532554984093 
0.091521334802 -0.59521324126 -0.197623997927 0.528936028481 
0.0879246959307 -0.597929931888 -0.195419996977 0.527316987514 
0.0988874199475 -0.598161294008 -0.19339799881 0.525880992413 
0.0902339451888 -0.60103444535 -0.191569000483 0.52450799942 
0.0922174433736 -0.602866500443 -0.187700003386 0.521483004093 
0.0907658691712 -0.605613551107 -0.185535997152 0.519910991192 
0.0902464072022 -0.603998210748 -0.183432996273 0.518360972404 
0.0976712427849 -0.604884910233 -0.181734994054 0.517054975033 
0.093696862875 -0.607384286916 -0.176853999496 0.513089001179 
0.0769060846727 -0.608564866227 -0.174498006701 0.511361002922 
0.102582606538 -0.608584174145 -0.172183007002 0.509465992451 
0.0832362733859 -0.61143868336 -0.169920995831 0.507697999477 
0.0971752324751 -0.609916287323 -0.165618002415 0.504186987877 
0.0906624435948 -0.610544726761 -0.163802996278 0.50264197588 
0.0906407642104 -0.609437584117 -0.161868005991 0.501102983952 
0.0900834758241 -0.609888723605 -0.160453006625 0.499913990498 
0.0916916945669 -0.615644413932 -0.156151995063 0.496093988419 
0.0927079056644 -0.617182655778 -0.154088005424 0.494518995285 
0.0936629639534 -0.618155575103 -0.152092993259 0.492669999599 
0.0933430391311 -0.622292263224 -0.150087997317 0.49085599184 
0.0939325515837 -0.625201500399 -0.146372005343 0.487448006868 
0.0946757216098 -0.626156310229 -0.143947005272 0.484676003456 
0.0964343572429 -0.626337272025 -0.141971006989 0.482401013374 
0.0938719024542 -0.629717822134 -0.140278995037 0.480711996555 
0.0937495732542 -0.633361226242 -0.135550007224 0.476682007313 
0.0972907432007 -0.632968876034 -0.13432200253 0.475549012423 
0.0907611550573 -0.635004862688 -0.132138997316 0.474047005177 
0.0925938863418 -0.638452391298 -0.130076006055 0.47261801362 
0.0922949848542 -0.63975334549 -0.126052007079 0.469345003366 
0.0816588276551 -0.640556754612 -0.124168999493 0.467725008726 
0.100501829476 -0.638037870274 -0.122551999986 0.466439008713 
0.0890014146497 -0.640735652459 -0.120336003602 0.464800000191 
0.0902083858897 -0.642098458567 -0.117457002401 0.462042987347 
0.0906305442269 -0.645850719385 -0.115167997777 0.45979899168 
0.090427100978 -0.65138070681 -0.111822001636 0.456369996071 
0.0886815164656 -0.657738204964 -0.107413999736 0.451701998711 
0.0909482691364 -0.658205389998 -0.105449996889 0.449604988098 
0.0924684113064 -0.6606897864 -0.103433996439 0.447376996279 
0.0912468522157 -0.669042391685 -0.0981440022588 0.44169101119 
0.0932589674266 0.0 0.0 0.0 
0.0885218561486 -0.671303814925 -0.0959480032325 0.439352989197 
0.0932282852994 -0.673381613207 -0.0943450033665 0.43753400445 
0.0972158845298 -0.676015279788 -0.0928689986467 0.435737997293 
0.0872777241075 -0.678428769526 -0.0893869996071 0.43212801218 
0.0913355517925 -0.681016163683 -0.0880360007286 0.430655002594 
0.0903979314255 -0.683642373413 -0.0857980027795 0.428409993649 
0.0904852694827 -0.683924668489 -0.0843240022659 0.426883012056 
0.0942832342198 -0.687576861028 -0.0803769975901 0.422921001911 
0.0786926849448 -0.69236236177 -0.0779680013657 0.420219987631 
0.10213385491 -0.691513612331 -0.0764940008521 0.418763011694 
0.0915492352998 -0.698484303326 -0.0741180032492 0.41617500782 
0.0912429047234 -0.703111212825 -0.0703750029206 0.41212901473 
0.091438793513 -0.704140125112 -0.0684280022979 0.409929990768 
0.0931034445559 -0.706485238189 -0.0671269968152 0.408410012722 
0.0914757237259 -0.709631829596 -0.0646999999881 0.405649006367 
0.0956119312321 -0.714118989717 -0.0615510009229 0.402224004269 
0.0890690539357 -0.713333623511 -0.0599969998002 0.400189995766 
0.0952872791952 -0.715781867501 -0.0582070015371 0.398297011852 
0.090649365354 -0.716804721097 -0.0563380010426 0.396263003349 
0.0952747619687 -0.722760814296 -0.0525300018489 0.39217799902 
0.0928629956686 -0.724405116532 -0.0508040003479 0.390082001686 
0.0938972602823 -0.726426921852 -0.0488950014114 0.3880020082 
0.0907597782007 -0.729861334394 -0.0468060001731 0.385235995054 
0.0926879774987 -0.735081929079 -0.0433509983122 0.381087005138 
0.0905986280978 -0.736499862623 -0.0414579994977 0.378720998764 
0.0954522466679 -0.740629360209 -0.0396570004523 0.376556009054 
0.0908927125048 -0.740871441552 -0.0378750003874 0.37435400486 
0.0948212180825 -0.747299979528 -0.0347400009632 0.370494991541 
0.0783077633227 -0.748896078548 -0.0332809984684 0.368425011635 
0.106898430804 -0.750095965778 -0.0319680012763 0.366560012102 
0.0846397413363 -0.753368458125 -0.0303460005671 0.364396989346 
0.0976468045129 -0.758507293765 -0.0268040001392 0.360082000494 
0.0900790293142 -0.760770248322 -0.0249649994075 0.357993006706 
0.0924219576018 -0.764213848769 -0.0230299998075 0.355830997229 
0.088833194083 -0.765782916705 -0.0211970005184 0.353756994009 
0.0901081501188 -0.770209955964 -0.0179329998791 0.349698007107 
0.0916461091006 -0.772385159363 -0.0161940008402 0.34757900238 
0.0922528453211 -0.775529154188 -0.0143330004066 0.345358997583 
0.0903304787274 -0.778208760298 -0.0127020003274 0.343225002289 
0.0939547586866 -0.781085440328 -0.00885600037873 0.338418006897 
0.0905233864451 -0.784387294027 -0.00709899980575 0.336237996817 
0.0951444393905 -0.786221812544 -0.00542599987239 0.33415299654 
0.09002455086 -0.790275077144 -0.00394299998879 0.332286000252 
0.0912876433528 -0.7926161289 -0.0014159999555 0.328979998827 
0.0942432518309 -0.794778549126 0.000159999995958 0.32692399621 
0.0919034769199 -0.797532124535 0.00158899999224 0.324867010117 
0.0920174751701 -0.799467909752 0.0030380000826 0.32278200984 
0.0913962273872 -0.804969334774 0.00656000012532 0.317779004574 
0.0789069205626 -0.805782797329 0.00789199955761 0.31602999568 
0.102501230564 -0.808003207888 0.0107859997079 0.312745988369 
0.0864732430224 -0.80895036113 0.0119529999793 0.310977011919 
0.0949334178175 -0.814286403848 0.0153890000656 0.305956989527 
0.0962400381921 -0.815267312656 0.0167730003595 0.303413003683 
0.0931537984958 -0.819240016634 0.0183749999851 0.300029993057 
0.0925334382994 -0.819424773434 0.0195899996907 0.298070013523 
0.0958918939021 -0.824373858846 0.022539999336 0.293480008841 
0.0913735450692 -0.828071658019 0.0238589998335 0.291759997606 
0.093402110977 -0.829468019958 0.0253699999303 0.289950996637 
0.0853632537672 -0.83306808112 0.0269259996712 0.287851989269 
0.0972543047167 -0.838090936094 0.0301510002464 0.283506989479 
0.0919706362047 -0.84168793462 0.0318630002439 0.281529009342 
0.0921764261804 -0.842812654127 0.0333810001612 0.279298007488 
0.0891590804652 -0.845957314742 0.0350789986551 0.277168005705 
0.0917160059004 -0.848910693812 0.0379230007529 0.273220002651 
0.0913954150449 -0.853122949129 0.0398439988494 0.270579010248 
0.0932125979577 -0.855740170691 0.0413030013442 0.268258005381 
0.0945218059611 -0.85834860382 0.0427419990301 0.265971004963 
0.091413078251 -0.861064562079 0.0441210009158 0.263693004847 
0.0807493371124 -0.863908818123 0.0469640009105 0.259292989969 
0.105759305201 -0.866058455176 0.0482520014048 0.2570990026 
0.0912878629046 -0.873153981847 0.0524090006948 0.250521987677 
0.0935723053271 0.0 0.0 0.0 
0.0895602312428 -0.877296994976 0.0550559982657 0.246132999659 
0.0905802291478 -0.881929497113 0.0565599985421 0.24339799583 
0.0913622622271 -0.883112872744 0.0576540008187 0.241484001279 
0.0907324975881 -0.885199126563 0.0591449998319 0.239141002297 
0.0895901571877 -0.888634804106 0.0621929988265 0.233992993832 
0.0915318364237 -0.891208416404 0.0637589991093 0.231435999274 
0.094553497442 -0.894729448261 0.0657849982381 0.228365004063 
0.0852572254757 -0.89741524622 0.0684880018234 0.224077001214 
0.0986360004445 -0.900320888127 0.0699099972844 0.22194199264 
0.0924378597676 -0.90412414848 0.0713360011578 0.219717994332 
0.0921666869668 -0.907433392451 0.0738250017166 0.215241998434 
0.0886079623755 -0.909472508318 0.0752130001783 0.212950006127 
0.0934317036703 -0.912628687105 0.0766360014677 0.210527002811 
0.0946708460852 -0.914848498453 0.0780069977045 0.208088994026 
0.0920386367191 -0.91559338461 0.0795449987054 0.205586999655 
0.0786107838277 -0.920266966007 0.0823559984565 0.200523003936 
0.105819967173 -0.921741158828 0.0838499963284 0.198006004095 
0.0936529200607 -0.924672566819 0.0854699984193 0.195231005549 
0.0936929240847 -0.928868243958 0.0887110009789 0.189982995391 
0.0946423411027 0.0 0.0 0.0 
0.0926573478806 -0.934274594129 0.0916879996657 0.184374004602 
0.0951985886145 -0.935410964966 0.0925680026412 0.182563006878 
0.0913060481352 -0.938468007582 0.0938189998269 0.180252999067 
0.0920095002864 -0.943665632502 0.0963200032711 0.175657004118 
0.0933046250235 -0.944197266035 0.0974119976163 0.173407003284 
0.0860111399938 -0.948083617014 0.0985959991813 0.17131100595 
0.0949315725108 -0.949656147058 0.0997459962964 0.168999999762 
0.0931937568706 -0.953861411577 0.102081999183 0.164442002773 
0.0913923110053 -0.95567429191 0.103228002787 0.1621530056 
0.093122349113 -0.95560112156 0.104299999774 0.159537002444 
0.0917042402911 -0.96119575722 0.10560400039 0.156836003065 
0.0938274929372 -0.962534728037 0.108617000282 0.151195004582 
0.0925730412625 -0.96786630996 0.110275000334 0.148616999388 
0.0956961635135 -0.970085388938 0.111590996385 0.146132007241 
0.090497816005 -0.972537095038 0.11280400306 0.143801003695 
0.0818371116864 -0.976428905497 0.115252003074 0.139280006289 
0.101138685478 -0.977986654997 0.116388000548 0.136995002627 
0.0859036160708 -0.98136833695 0.117564998567 0.134770005941 
0.0947648574144 -0.981840914885 0.118753999472 0.132561996579 
0.0968969568339 -0.983512115048 0.119828000665 0.130338996649 
0.0881850321984 -0.988759674239 0.122263997793 0.125696003437 
0.0890457837835 -0.990013889954 0.123515002429 0.123401999474 
0.0907054346533 -0.991136146038 0.124681003392 0.121022999287 
0.0912003083009 -0.995439281727 0.125903993845 0.118609003723 
0.0903282745044 -0.999727037661 0.128128007054 0.113387003541 
0.0909977566204 -1.00244492671 0.129255995154 0.110780000687 
0.0951550319722 -1.00331178565 0.130444005132 0.108143001795 
0.0922761119367 -1.00970343884 0.13279800117 0.103082999587 
0.0946673248369 -1.01407974488 0.134797006845 0.0982000008225 
0.0937112190553 -1.01526351999 0.13602399826 0.0951379984617 
0.0924002097783 -1.01699956812 0.136750996113 0.0934109985828 
0.0946077945074 -1.02032306 0.138466998935 0.0883509963751 
0.0928109223544 -1.02215531483 0.139035999775 0.0856899991632 
0.0951257247221 -1.02489244522 0.140035003424 0.0823390036821 
0.0833213270473 -1.02809396433 0.141892001033 0.0783270001411 
0.0999834221966 -1.03230854991 0.142996996641 0.0761500000954 
0.0939079261222 -1.03470665989 0.144238993526 0.0737119987607 
0.0921364789965 -1.03786184 0.145526006818 0.0710349977016 
0.0911363447755 -1.0405665464 0.146775007248 0.0681729987264 
0.0938842848387 -1.045497256 0.149241998792 0.0630839988589 
0.0921928164714 -1.04737638246 0.150334000587 0.0607660003006 
0.0931782712672 -1.05294451967 0.151640996337 0.0579029992223 
0.0921185187187 -1.05140061861 0.152413994074 0.056099999696 
0.0924039836345 -1.05808482005 0.154520004988 0.0507749989629 
0.0846800726526 -1.0590151288 0.155147001147 0.0490610003471 
0.0975255320126 -1.06132362341 0.15600399673 0.046578001231 
0.0904552968211 -1.06319808934 0.157028004527 0.0441519990563 
0.0919440100333 -1.06769104184 0.158895999193 0.0392320007086 
0.0914907717752 -1.07069515413 0.159769997001 0.0367030017078 
0.0925866492814 -1.07321670163 0.160855993629 0.0339919999242 
0.0938173317661 -1.07492731657 0.161943003535 0.0310890004039 
0.0902645322156 -1.07975802447 0.163806006312 0.0256609991193 
0.0969672017634 -1.08382547041 0.164557993412 0.0230449996889 
0.0922788624987 -1.08510471984 0.165476992726 0.0204349998385 
0.0803502196292 -1.08845710702 0.167358994484 0.0153620000929 
0.104972400455 -1.08986452107 0.168209001422 0.0129479998723 
0.0910340740882 -1.09172360725 0.169111996889 0.0103730000556 
0.0958618750792 -1.09301650538 0.170032992959 0.00785900000483 
0.0925741473404 -1.09613073938 0.170972004533 0.00536199985072 
0.0914161202056 -1.10028353963 0.172797992826 0.000491000013426 
0.0881660801802 -1.10286953563 0.173782005906 -0.00194400001783 
0.0901108313186 -1.10543775502 0.174627006054 -0.00444199983031 
0.0917909632661 -1.10832022743 0.175502002239 -0.0071319998242 
0.0913751623256 -1.11369302177 0.177441000938 -0.0128349997103 
0.0910918088824 -1.11481800759 0.178534001112 -0.0157559998333 
0.0960988435714 -1.11731046006 0.179771006107 -0.0194269996136 
0.0911241441764 -1.12057070186 0.180506005883 -0.0216129999608 
0.0952177557527 -1.1248886181 0.182153001428 -0.0272989999503 
0.0948813091506 -1.12684723992 0.183201000094 -0.0299050007015 
0.093719626946 -1.12807256034 0.184113994241 -0.0325619988143 
0.0962105293061 -1.12864806945 0.185032993555 -0.0351010002196 
0.0917360490677 -1.13225931589 0.186559006572 -0.0400930009782 
0.092678703756 -1.13565378101 0.187297001481 -0.0427049994469 
0.0920604941608 -1.13830895262 0.188096001744 -0.045368000865 
0.0828066778671 -1.14500999855 0.189747005701 -0.0506229996681 
0.102857858206 -1.14708766368 0.190494000912 -0.053286999464 
0.0858176419437 -1.14973671002 0.191278994083 -0.0559649989009 
0.096585405608 -1.15494505416 0.192270994186 -0.0594899989665 
0.0909604050498 -1.15658982245 0.192871004343 -0.0615560002625 
0.0933825663733 -1.16051359084 0.194301992655 -0.0669839978218 
0.092965701096 -1.16317169192 0.194977998734 -0.0706410035491 
0.092096260104 -1.16534349979 0.195522993803 -0.0735400021076 
0.0965348007716 -1.16690610956 0.196156993508 -0.075526997447 
0.0944646104264 -1.16975209666 0.197916001081 -0.0801860019565 
0.0894386445235 -1.1743172874 0.19855299592 -0.0824860036373 
0.09266190006 -1.1749677645 0.199240997434 -0.084835998714 
0.0895651226702 -1.17718471295 0.200095996261 -0.0872170031071 
0.0934985125959 -1.18131594159 0.201585993171 -0.0921979993582 
0.0907032175318 -1.18249558879 0.202322006226 -0.0947870016098 
0.0896766280478 -1.18409361861 0.202994003892 -0.097378000617 
0.0892344897369 -1.18699313524 0.203697994351 -0.100032001734 
0.0927742162392 -1.19146005534 0.205272004008 -0.105765998363 
0.0941132679763 -1.19399298785 0.206046998501 -0.108501002192 
0.0914813195871 -1.19659662729 0.206783995032 -0.111077003181 
0.0788552398165 -1.19996752344 0.207892999053 -0.116374999285 
0.106015699655 -1.20379368698 0.208517000079 -0.118955001235 
0.0897422843442 -1.20556468911 0.209180995822 -0.121582999825 
0.09496550189 -1.20752504198 0.209934994578 -0.124810002744 
0.0947568535048 -1.2102011194 0.210405007005 -0.126697003841 
0.0904519098047 -1.21513822059 0.211386993527 -0.131666004658 
0.0910951878562 -1.21657592811 0.211955994368 -0.134145006537 
0.0914918979074 -1.21910872746 0.212546005845 -0.136776000261 
0.0919863806843 -1.22118332995 0.21315099299 -0.139454007149 
0.094550192609 -1.22463452041 0.214030995965 -0.145330995321 
0.0953297547904 -1.22940184507 0.214388996363 -0.1525080055 
0.0874246850076 -1.23188923753 0.214993998408 -0.155194997787 
0.0998343854317 -1.23733859775 0.216230005026 -0.15924499929 
0.0930399514045 -1.23863156246 0.216702997684 -0.161621004343 
0.098397926115 -1.24119432238 0.217154994607 -0.164189994335 
0.0880273572966 -1.24529598993 0.217890992761 -0.166888996959 
0.0925396020285 -1.2494979255 0.219029992819 -0.171549007297 
0.0947118179281 -1.2500509309 0.219629004598 -0.173747003078 
0.0903306152794 -1.25312102301 0.220180004835 -0.176222994924 
0.080210051648 -1.25436232239 0.220760002732 -0.178792998195 
0.104079773869 -1.26028945371 0.221801996231 -0.18497300148 
0.0956530475064 -1.26289495737 0.222147002816 -0.186939999461 
0.0937608556821 -1.26559913114 0.222625002265 -0.189912006259 
0.0904039555725 -1.26859611947 0.223091006279 -0.192862004042 
0.0912661581974 -1.27369380927 0.223912000656 -0.198649004102 
0.0918852275941 -1.27668067759 0.224397003651 -0.201490998268 
0.0930134513054 -1.27830081164 0.224985003471 -0.204274997115 
0.0889358378031 -1.28166238673 0.225445002317 -0.206953004003 
0.0961345388132 -1.28422288296 0.225905999541 -0.211934998631 
0.0912499327444 -1.28644888615 0.22628800571 -0.214407995343 
0.0924741514902 -1.28773173085 0.226713001728 -0.217025995255 
0.0924833659793 -1.29195190907 0.227082997561 -0.219457998872 
0.0897465641759 -1.29548872016 0.227920994163 -0.224711000919 
0.0955408273153 -1.29654772616 0.228361994028 -0.227632001042 
0.091856609719 -1.29812804595 0.228669002652 -0.230685994029 
0.0912551971047 -1.30114061378 0.22915199399 -0.233770996332 
0.0863519669101 -1.30789518925 0.230242997408 -0.239295005798 
0.0925095288403 -1.3113048344 0.230720996857 -0.241998001933 
0.0973412640033 -1.31410368354 0.231316000223 -0.245010003448 
0.0840327713256 -1.31830229016 0.232570007443 -0.250789999962 
0.1025639168 -1.31923559496 0.233039006591 -0.253547012806 
0.0933520384182 -1.32151952192 0.233563005924 -0.256269007921 
0.0969543077666 -1.3216903637 0.234132006764 -0.259600996971 
0.09193281282 -1.32398734014 0.234455004334 -0.262244999409 
0.0934148250918 -1.32589775875 0.235185995698 -0.266849994659 
0.0932253786885 -1.32823161997 0.235911995173 -0.270009994507 
0.0891872378397 -1.32816570673 0.236339002848 -0.272101014853 
0.0971976313907 -1.330184516 0.236957997084 -0.274816989899 
0.0928387925754 -1.33264394526 0.238170996308 -0.280651003122 
0.0904208891602 -1.33251478195 0.238578006625 -0.283636003733 
0.0948074508394 -1.33258708677 0.239054992795 -0.286482989788 
0.0938931289147 -1.33203088558 0.239836007357 -0.289324998856 
0.0964498410339 -1.32863801835 0.241299003363 -0.294918000698 
0.0939007061628 -1.32769259616 0.241933003068 -0.297266989946 
0.0922055750813 -1.32710523599 0.242759004235 -0.299650013447 
0.0957945840154 -1.32480666165 0.243430003524 -0.301921010017 
0.0897352982149 -1.3217490864 0.244462996721 -0.306730985641 
0.0961352655606 -1.32104095187 0.244848996401 -0.309210985899 
0.0938909585251 -1.32023081826 0.245434999466 -0.311587005854 
0.0800294164737 -1.31931935138 0.246274992824 -0.313816994429 
0.0979687371427 -1.31578054292 0.248952999711 -0.320587009192 
0.0914050101326 -1.31549425311 0.249785006046 -0.323060005903 
0.0914664368385 -1.31276278194 0.250777989626 -0.325599014759 
0.0912404102875 -1.30308552032 0.252851009369 -0.329755008221 
0.0960182398828 -1.29798862947 0.254233002663 -0.332224994898 
0.0876045510998 -1.2952349209 0.255134999752 -0.333797007799 
0.0877298999873 -1.28953362564 0.256579011679 -0.336805999279 
0.0963713848327 -1.28156384976 0.258762985468 -0.340703994036 
0.0793397823839 -1.278823457 0.260008990765 -0.342790991068 
0.0958433914016 -1.27428156892 0.261332988739 -0.345515012741 
0.0877454690595 -1.2694810879 0.262443989515 -0.347669988871 
0.0938377410403 -1.26113700473 0.264881998301 -0.352306008339 
0.0880895275009 -1.25971421092 0.266218006611 -0.354613006115 
0.0897686239678 -1.25861592328 0.267096012831 -0.356738001108 
0.0915390382225 -1.25249957437 0.26786801219 -0.358671993017 
0.0912825445929 -1.2433735871 0.270677000284 -0.363169997931 
0.0917966084935 -1.23697281258 0.272397994995 -0.365756005049 
0.0945207390354 -1.23116698824 0.273874998093 -0.368627995253 
0.083043096496 -1.22533360019 0.275254994631 -0.371380001307 
0.103440029101 -1.21845931563 0.277718007565 -0.375227987766 
0.0938410606936 -1.21554275476 0.278562009335 -0.376626998186 
0.0926264473908 -1.21346708701 0.279246002436 -0.377902001143 
0.0919198747692 -1.21064506836 0.280371010303 -0.379676014185 
0.0930939353905 -1.20433084657 0.283069998026 -0.38349801302 
0.0899660711995 -1.20106168318 0.284269988537 -0.385286986828 
0.0923639586783 -1.19665907842 0.285582005978 -0.387028992176 
0.0817202984096 -1.19400097734 0.287052005529 -0.389030009508 
0.0993050908144 -1.18705811637 0.289938002825 -0.393460988998 
0.0832172309727 -1.1826196921 0.291462004185 -0.395761013031 
0.097268084937 -1.17861549624 0.293274998665 -0.398344993591 
0.0846304801385 -1.17731933574 0.294445008039 -0.399958997965 
0.0975075288843 -1.17437001799 0.296487003565 -0.403991997242 
0.0882397853848 -1.16993838478 0.297585010529 -0.405678004026 
0.0943341189523 -1.16706669818 0.299131006002 -0.407270997763 
0.0859184236826 -1.16479182597 0.300572007895 -0.408832013607 
0.0920657512698 -1.15683416748 0.302872002125 -0.412319988012 
0.0893127935426 -1.15376846959 0.304244011641 -0.41396600008 
0.0934002883927 -1.14949569394 0.30547401309 -0.41558599472 
0.0802089130759 -1.14778687662 0.306670993567 -0.417237997055 
0.0982052458583 -1.13893958917 0.309211999178 -0.420314997435 
0.0931149536597 -1.13176982688 0.310815989971 -0.422129005194 
0.091018271798 -1.12556918891 0.312817007303 -0.424466997385 
0.0926533624838 -1.12156392779 0.314727991819 -0.427082002163 
0.0961308247975 -1.11126242122 0.318103998899 -0.431697994471 
0.0906532899749 -1.11070721871 0.319597989321 -0.433485001326 
0.0922648574586 -1.10627878129 0.321108013391 -0.43544998765 
0.0868153830138 -1.10204941517 0.322863012552 -0.437263011932 
0.0992627772843 -1.09175543203 0.326005995274 -0.440685987473 
0.08282713425 -1.08760928968 0.327654987574 -0.442164003849 
0.102465039637 -1.08313677695 0.329286009073 -0.443603992462 
0.0852791427207 -1.07896540115 0.330969005823 -0.44521600008 
0.0926773349628 -1.07397190753 0.334259986877 -0.448743999004 
0.0936549799521 -1.0690362045 0.336131989956 -0.450998991728 
0.0907238152981 -1.065413107 0.337680011988 -0.45264300704 
0.0901550116954 -1.05117358413 0.342907994986 -0.458045005798 
0.0931323712495 -1.0469178527 0.3442029953 -0.459486991167 
0.0933660334545 -1.04258695356 0.346028000116 -0.461398988962 
0.0779936671037 -1.03709684697 0.347876995802 -0.46323299408 
0.109161998343 -1.02671857478 0.351548999548 -0.466719001532 
0.0888194797952 -1.02244972729 0.353076994419 -0.468246012926 
0.096475045605 -1.01709670692 0.354606002569 -0.469833999872 
0.0898315875769 -1.01360084194 0.356094002724 -0.471329987049 
0.0924923656614 -1.00423443781 0.359723001719 -0.474620997906 
0.0919196114324 -1.00056200524 0.360965996981 -0.475706994534 
0.0937031900526 -0.99656499992 0.362646996975 -0.477412998676 
0.0869067829984 -0.99194568043 0.364279985428 -0.479194998741 
0.095798248808 -0.982425611902 0.367444008589 -0.482336997986 
0.0894616628495 -0.978404438393 0.36922198534 -0.483765989542 
0.0966686885694 -0.973940381195 0.371033996344 -0.485150009394 
0.0788921360713 -0.970542320802 0.372783988714 -0.486703008413 
0.0938392636462 -0.962178996294 0.376560986042 -0.489872992039 
0.0940067243869 -0.956225765993 0.379112005234 -0.491786986589 
0.0896399305853 -0.953846631033 0.380576014519 -0.492852985859 
0.0889634836375 -0.948469509055 0.382586985826 -0.494403988123 
0.0921811605463 -0.939962573585 0.386036992073 -0.497411996126 
0.0903500285674 -0.932180483985 0.389102011919 -0.499971985817 
0.0763939280924 -0.927913034654 0.391238003969 -0.501577019691 
0.104216859547 -0.921287822232 0.394769996405 -0.504302024841 
0.0893073931547 -0.917501006898 0.396144986153 -0.505285978317 
0.0914127691563 -0.912586808897 0.398252010345 -0.506936013699 
0.0921126977608 -0.907970618622 0.400516986847 -0.508651018143 
0.0939761592946 -0.897410852004 0.404785007238 -0.511965990067 
0.092993084961 -0.893354125295 0.406695008278 -0.513512015343 
0.0915693570462 -0.891067535183 0.408340990543 -0.515009999275 
0.0918305805357 -0.886441291474 0.409990012646 -0.516236007214 
0.096968960118 -0.878978514889 0.413765996695 -0.519087970257 
0.0936571454779 -0.874766059834 0.415762007236 -0.520603001118 
0.0939020187582 -0.870391351691 0.417858988047 -0.522208988667 
0.102451111686 -0.865919305009 0.419679999352 -0.523742973804 
0.0917130708195 -0.856723942397 0.42313298583 -0.526211023331 
0.0900209511168 -0.853162696809 0.424697995186 -0.527337014675 
0.0938052833549 -0.848356756306 0.426495999098 -0.528536021709 
0.0918063961089 -0.845082599482 0.428386986256 -0.529835999012 
0.0904884509369 -0.837471617982 0.432336986065 -0.532433986664 
0.0946159349743 -0.831935771603 0.434522002935 -0.53357899189 
0.0949059166178 -0.828147957585 0.436567008495 -0.534573972225 
0.0801121785412 -0.823057125424 0.438719004393 -0.535751998425 
0.103394649029 -0.813671946005 0.443002998829 -0.538456976414 
0.0915555581228 -0.809051428093 0.445113986731 -0.53973197937 
0.0944260167022 -0.80441246779 0.447010010481 -0.540840983391 
0.0912100381448 -0.800511069951 0.448734998703 -0.541953980923 
0.0913403708874 -0.792096413013 0.451954007149 -0.54408198595 
0.0887107976876 -0.79002001289 0.453566998243 -0.545140981674 
0.0895203801878 -0.786240854145 0.455267995596 -0.546065986156 
0.0831082954942 -0.783697601883 0.456963002682 -0.547107994556 
0.0944380609249 -0.775909853066 0.460189014673 -0.549134016037 
0.0894302019235 -0.771935484613 0.462493985891 -0.550628006458 
0.0890327672084 -0.768312054213 0.464091986418 -0.551674008369 
0.0885462748006 -0.763020219969 0.466311007738 -0.55315297842 
0.0973360805454 -0.757381309256 0.468722999096 -0.554570019245 
0.0895510611801 -0.753311466478 0.471170008183 -0.555791974068 
0.0932113152986 -0.736858790158 0.478453993797 -0.560181975365 
0.0923121023231 -0.729075835031 0.481810003519 -0.562017023563 
0.084662879559 -0.725662727778 0.483754009008 -0.562979996204 
0.100612301683 -0.722358943287 0.485891014338 -0.563998997211 
0.0798702331477 -0.716540934991 0.488011986017 -0.564938008785 
0.104695792523 -0.710425651338 0.49241900444 -0.566761016846 
0.088381109749 -0.705660989832 0.494659990072 -0.567556977272 
0.0922532843094 -0.700482406513 0.497043013573 -0.568494021893 
0.0910285310712 -0.696107498632 0.499377995729 -0.569451987743 
0.0899766348981 -0.685833289463 0.503907978535 -0.571844995022 
0.0942636853616 0.0 0.0 0.0 
0.091398957917 -0.679657618632 0.50831001997 -0.574247002602 
0.0924422652571 -0.675311805786 0.510581970215 -0.575205028057 
0.0928664850736 -0.661226945992 0.517359018326 -0.578427970409 
0.0934857840873 -0.658900142148 0.51957899332 -0.579330027103 
0.0873419535233 -0.654586353814 0.521824002266 -0.580442011356 
0.101767642269 -0.649684006879 0.524043977261 -0.581457972527 
0.0927850363691 -0.641997924236 0.528298974037 -0.583431005478 
0.0938804483243 -0.639385762681 0.5304890275 -0.584451019764 
0.0924626573834 -0.634833221956 0.532494008541 -0.585529983044 
0.0935222367322 -0.62942167862 0.537817001343 -0.587786018848 
0.090032915042 -0.627756936623 0.539853990078 -0.588846981525 
0.0954004916823 -0.61968003509 0.54206597805 -0.590095996857 
0.0787368313504 -0.615050062956 0.544519007206 -0.591382980347 
0.105313596416 -0.609341244264 0.548763990402 -0.592954993248 
0.0905711802729 0.0 0.0 0.0 
0.0933543726356 -0.599511117207 0.552870988846 -0.594519972801 
0.0910377975605 -0.597562415658 0.554836988449 -0.595376014709 
0.0922455950588 -0.592782440975 0.559611022472 -0.597238004208 
0.091085565726 -0.588463193161 0.562005996704 -0.598015010357 
0.0911537967481 -0.588123506964 0.564338982105 -0.598711013794 
0.0935111455865 -0.582496846792 0.5663869977 -0.599673986435 
0.0938171099296 -0.579937415827 0.568560004234 -0.600519001484 
0.0894628771943 -0.57620905688 0.573121011257 -0.602447986603 
0.0953975587979 -0.568390149077 0.575568020344 -0.603506982327 
0.0892467195446 -0.565017921347 0.577977001667 -0.604547023773 
0.0907607042388 -0.560135148646 0.580685973167 -0.605637013912 
0.093087557883 -0.56199929483 0.583611011505 -0.606652021408 
0.0920423601653 -0.551325145444 0.588298022747 -0.608852028847 
0.093589042415 -0.54773686877 0.591021001339 -0.609876990318 
0.0954821845647 -0.54566026891 0.593466997147 -0.610871970654 
0.0850822438837 -0.536494500676 0.598213016987 -0.613240003586 
0.100122369009 -0.536586446313 0.600364983082 -0.614030003548 
0.0811468093891 -0.536556319303 0.602230012417 -0.614880979061 
0.104397514348 -0.531205263014 0.6045140028 -0.616051018238 
0.0942586214714 -0.531376504272 0.607200026512 -0.616914987564 
0.0935411494116 -0.521545644845 0.612291991711 -0.619298994541 
0.0907887519676 -0.521750408644 0.614710986614 -0.620280981064 
0.0946810379578 -0.516005737146 0.619302988052 -0.622300028801 
0.0902876062187 -0.511716416605 0.621699988842 -0.623291015625 
0.0952698975449 -0.513117738681 0.624177992344 -0.624113976955 
0.0873683969539 -0.509832096975 0.626758992672 -0.625279009342 
0.0994085691116 -0.510286998179 0.629023015499 -0.626105010509 
0.0844522943735 -0.505454592513 0.633731007576 -0.627601027489 
0.0991094604814 -0.502381204746 0.636178970337 -0.628309011459 
0.0982938776841 -0.501766746904 0.638436973095 -0.628955006599 
0.0890625896351 -0.495474995539 0.643456995487 -0.63095998764 
0.0911817841337 0.0 0.0 0.0 
0.0918604028008 -0.489830192582 0.647485017776 -0.632337987423 
0.0942664003959 -0.48652790612 0.649860978127 -0.633422017097 
0.0921069394119 -0.484541387683 0.651956021786 -0.634229004383 
0.0859444862527 -0.479879657353 0.654340982437 -0.635079026222 
0.093679759073 -0.475275418013 0.659572005272 -0.637095987797 
0.0801774087479 -0.471649790505 0.662308990955 -0.638255000114 
0.104776061163 -0.470914991071 0.665040016174 -0.639285981655 
0.091829838113 -0.469174615299 0.667576014996 -0.640254974365 
0.0959330054457 -0.465897129524 0.672177970409 -0.642108976841 
0.0934107652991 -0.464332222778 0.674380004406 -0.642930984497 
0.0901979646563 -0.457799222308 0.677039027214 -0.64381301403 
0.0920365307468 -0.45855126571 0.679479002953 -0.644411981106 
0.0944712174283 -0.451695323668 0.684657990932 -0.64691400528 
0.0929157710903 -0.453813402262 0.68626499176 -0.647385001183 
0.0942336859712 -0.448488444952 0.689529001713 -0.648521006107 
0.0958932953716 -0.448191369333 0.692019999027 -0.649501979351 
0.0907361280665 -0.445126736708 0.696560025215 -0.651091992855 
0.0922974926556 -0.443009024299 0.699077010155 -0.652067005634 
0.0951102300755 -0.432719335506 0.716818988323 -0.658468008041 
0.0950960506631 -0.429378033734 0.721889972687 -0.660273015499 
0.0804585243028 -0.427592350933 0.72497600317 -0.661570012569 
0.10978609983 -0.426319060326 0.726666986942 -0.662111997604 
0.0960886553073 -0.426578485506 0.729283988476 -0.663016974926 
0.0949150384227 -0.423216477657 0.73435997963 -0.665067017078 
0.0935033098337 -0.42058317726 0.737192988396 -0.665889978409 
0.0957719883811 -0.421837725871 0.739897012711 -0.66682600975 
0.0918299531373 -0.416657777682 0.748166978359 -0.669948995113 
0.0919859256572 -0.414629547485 0.75095897913 -0.670642018318 
0.0921880498427 -0.411970647453 0.753584980965 -0.671651005745 
0.0950515427335 -0.405956597211 0.758396029472 -0.673700988293 
0.0943544531655 -0.403308882455 0.760388970375 -0.674328029156 
0.0948236671096 -0.399635051731 0.761982023716 -0.674995005131 
0.0934283149242 -0.400543489269 0.764370024204 -0.675565004349 
0.0881012413747 -0.397807823618 0.76744300127 -0.676518976688 
0.0954089731279 -0.395256715031 0.772140979767 -0.678001999855 
0.0883191260497 -0.394385528459 0.774653971195 -0.678885996342 
0.0957844473947 -0.391947604218 0.776619017124 -0.679354012012 
0.0851270722073 -0.391344897574 0.780206978321 -0.680136024952 
0.0922485089948 -0.385880889965 0.788323998451 -0.682699978352 
0.103581381894 -0.386152166212 0.789896011353 -0.68328499794 
0.091697473502 -0.382278465248 0.792684972286 -0.684198021889 
0.0944623864251 -0.378009917364 0.798478007317 -0.686080992222 
0.0935897341348 -0.380248803603 0.800797998905 -0.68673402071 
0.0943658421287 -0.378043939247 0.802610993385 -0.687402009964 
0.0921344464336 -0.376482228294 0.804956972599 -0.688199996948 
0.091517981879 -0.373069254199 0.810554981232 -0.690263986588 
0.091016004579 -0.371960979711 0.812901973724 -0.691232025623 
0.0956604253268 -0.370784827905 0.815203011036 -0.69211602211 
0.0841035096587 -0.36991387436 0.816947996616 -0.692869007587 
0.095962753586 -0.369816868718 0.822459995747 -0.694822013378 
0.0934655463257 -0.365973794107 0.82486897707 -0.695792019367 
0.0945867658377 -0.366094901357 0.828616023064 -0.697040975094 
0.0954606769159 -0.364204323299 0.830744981766 -0.698005020618 
0.0948044480519 -0.361984012609 0.835747003555 -0.699905991554 
0.0953690385727 -0.362829299939 0.838425993919 -0.70084798336 
0.0941092317746 -0.363427079735 0.840632975101 -0.701632022858 
0.0909589819922 -0.360348032751 0.842864990234 -0.702464997768 
0.093385864099 -0.359828849497 0.847613990307 -0.704083025455 
0.0799654760311 -0.360912922508 0.849232971668 -0.704541027546 
0.104796150647 -0.360194201909 0.851545989513 -0.705214977264 
0.0912729859569 -0.359738867942 0.854596018791 -0.705960988998 
0.0917362906955 -0.364351329791 0.858945012093 -0.70700097084 
0.0909985591011 -0.359535901777 0.862145006657 -0.708070993423 
0.0949429905403 -0.36081488489 0.864807009697 -0.708787024021 
0.0928756591387 -0.357226108874 0.867061018944 -0.709459006786 
0.0956064832312 -0.352813017921 0.872198998928 -0.710973024368 
0.0843983847979 -0.35095416477 0.874355971813 -0.711821973324 
0.0978931865639 -0.346728693516 0.876613020897 -0.712450027466 
0.0918536637807 -0.339304466187 0.87907397747 -0.712934970856 
0.0942086359543 -0.33771226204 0.884855985641 -0.714693009853 
0.0896735113068 -0.334788044584 0.887089014053 -0.7154520154 
0.0924286922041 -0.332970603587 0.88881200552 -0.7160410285 
0.0915151825672 -0.333639756101 0.891000986099 -0.716717004776 
0.0942322399052 -0.332685944956 0.895532011986 -0.718286991119 
0.094900255152 -0.328414933648 0.898806989193 -0.719154000282 
0.0932985695339 -0.326427716132 0.904066979885 -0.720785975456 
0.0944103846416 -0.325803737488 0.909550011158 -0.722634971142 
0.0819374705585 -0.325000461524 0.911684989929 -0.723131000996 
0.102034855603 -0.322461170715 0.914999008179 -0.723969995975 
0.0923247455379 -0.32399391979 0.917585015297 -0.72472602129 
0.0954864759418 -0.322212531337 0.9227039814 -0.726136982441 
0.0917318691682 -0.318448419453 0.92454200983 -0.726711988449 
0.0939317996389 -0.321662854888 0.92705398798 -0.727283000946 
0.0921130192247 -0.319124529474 0.929988980293 -0.72821700573 
0.0929297701354 -0.318692331719 0.93394100666 -0.72957700491 
0.0862355619852 -0.317977838888 0.936065018177 -0.730406999588 
0.0960848424315 -0.318417460205 0.938525021076 -0.731280982494 
0.0878633412069 -0.316033764582 0.941875994205 -0.73242098093 
0.0964717097616 -0.313060112198 0.947248995304 -0.73412501812 
0.0940012856433 -0.314039789295 0.950163006783 -0.734983980656 
0.0943589529357 -0.31342133671 0.952223002911 -0.73574000597 
0.0946414398794 -0.31277182501 0.955860972404 -0.736774027348 
0.0947564992283 -0.31263423945 0.961314022541 -0.738552987576 
0.0938399080953 -0.309462048407 0.96388399601 -0.739468991756 
0.0946781577372 -0.310255736991 0.966130018234 -0.740298986435 
0.0892486993507 -0.310414527971 0.96770298481 -0.741002976894 
