0.061077833 0.0 0.0
0.037373066 0.0 0.0
0.064801931 0.0 0.0
0.041018009 0.0 0.0
0.060590029 0.0292775235344 0.00975917451148
0.031130075 0.0895467807257 0.0396081014201
0.068253041 0.101261422183 0.0733619088145
0.037504911 0.153259422479 0.114689208463
0.063476086 0.160056465989 0.138192436884
0.034348965 0.187461863844 0.166925917437
0.06543684 0.177616630021 0.175044986618
0.038501024 0.189983648227 0.18502071403
0.061374187 0.187872451981 0.185157576743
0.039294005 0.186735941017 0.188197347075
0.060109853 0.192399006532 0.18900246651
0.032649994 0.22367679455 0.200937247366
0.067651987 0.171290076077 0.19578862572
0.035495997 0.196007341335 0.196991403987
0.06466198 0.179923194434 0.182406870615
0.039905071 0.193402237024 0.189777590931
0.059885979 0.18927128168 0.187532237713
0.036365985 0.186566952607 0.18974682377
0.064227105 0.186521874215 0.187453369501
0.033998966 0.207687110249 0.193591979024
0.064645052 0.191017991601 0.195075658688
0.037393808 0.203002085265 0.200569062372
0.063250065 0.188310415175 0.194110164014
0.036149979 0.209349582195 0.200220694212
0.064052105 0.187930669882 0.195196889084
0.03587985 0.214457195334 0.20391248247
0.063277006 0.191506974903 0.197964946706
0.038925171 0.197383153436 0.201115774558
0.061192989 0.196711342209 0.195200490183
0.039454937 0.192397240426 0.195497245357
0.062478066 0.191927819917 0.193678800851
0.040070057 0.180244640031 0.188189900125
0.059958935 0.21151841673 0.194563625559
0.032460928 0.226753868528 0.20617230843
0.064824104 0.18995728811 0.209409857789
0.035890817 0.228834216842 0.21518179116
0.065415144 0.185247440562 0.201346315171
0.036610842 0.20514108908 0.206407582161
0.063932181 0.17909424989 0.189827593177
0.033959865 0.198767986857 0.194334441942
0.062311173 0.185232237564 0.187698158104
0.037518978 0.197719564749 0.19390659639
0.066119909 0.185711901086 0.1895545678
0.036986113 0.207108408499 0.196846624778
0.064207792 0.183886949422 0.192235753002
0.033370018 0.25026282575 0.21375272789
0.063112974 0.197845153043 0.210664976071
0.038619042 0.205808057072 0.217972011955
0.061321973 0.194606980438 0.199420063517
0.039544106 0.207693328558 0.202702788689
0.060153007 0.195899383717 0.199399897571
0.038007975 0.218208941676 0.207267217984
0.05954504 0.199447157983 0.204518494459
0.037951946 0.216406478867 0.211354192842
0.065403939 0.183694089128 0.199849241993
0.032613992 0.218272635867 0.206124401287
0.064387083 0.185163924882 0.195710216626
0.040964127 0.184184200972 0.19587358724
0.059700966 0.199119190132 0.189489105329
0.039837837 0.200089879378 0.194464423494
0.060702086 0.19602500975 0.198411359753
0.037411928 0.20475114247 0.200288677199
0.064067125 0.191842118715 0.197539423645
0.038415909 0.204797366633 0.200463542606
0.062150955 0.186636440261 0.194425308536
0.035191059 0.218327416632 0.203253741175
0.061352015 0.176299686327 0.193754514406
0.039391994 0.196798542364 0.197141881774
0.060364962 0.190631793987 0.187910007559
0.041795969 0.186857301957 0.191429212769
0.060538053 0.214632472571 0.197373856171
0.036574126 0.220779547815 0.207423107447
0.064425945 0.197567843204 0.210993287863
0.034780979 0.216927332609 0.211758241209
0.063951016 0.202457393327 0.20565085638
0.036263942 0.217903337701 0.212429354546
0.061621905 0.193659770823 0.204673500617
0.039384126 0.209121944207 0.206895017577
0.062021971 0.194639283553 0.199140332861
0.035145044 0.201897712804 0.201886313521
0.066017867 0.18704584927 0.194527615209
0.037883043 0.190042151577 0.192995237884
0.06280899 0.193117370618 0.190068457155
0.034401179 0.225014613598 0.202724711931
0.060738802 0.208233642804 0.20878854234
0.096564054 0.205534421742 0.212927559381
0.046572924 0.16472347753 0.192830514025
0.060913086 0.197993465641 0.189417121638
0.038406133 0.197651270957 0.186789404709
0.060038805 0.199149899802 0.1982648788
0.037093163 0.206200156077 0.201000442279
0.065508842 0.176366375092 0.19390547699
0.034960986 0.231625532529 0.204730687899
0.060472011 0.192199181205 0.200063696275
0.038172007 0.210632414481 0.211485709405
0.061663151 0.185310802557 0.196047466081
0.036763906 0.214940001207 0.203627739415
0.06171608 0.183285425776 0.194512076513
0.040802955 0.195074817498 0.19776674816
0.064214945 0.186915958583 0.188425400619
0.037914992 0.201730650504 0.194573808861
0.061905145 0.18700537734 0.191883995475
0.036701918 0.219383112349 0.202706380064
0.059298992 0.193670121745 0.200019537144
0.044231892 0.200265252049 0.204439495381
0.059507131 0.186991942193 0.193642438662
0.038321972 0.199888852275 0.195715348839
0.060441017 0.19953987538 0.195473556616
0.034584046 0.220161024537 0.206529917397
0.066248893 0.181525086012 0.200408661976
0.035364151 0.216607349064 0.206097819871
0.062224865 0.188451063735 0.195527832937
0.03789711 0.21793543096 0.207664614586
0.061475993 0.199928010923 0.202104835206
0.037977933 0.203519475375 0.207127639086
0.062915087 0.190960826296 0.198136104198
0.038478852 0.184704652831 0.193061651501
0.061296939 0.194310616391 0.18999203184
0.037834168 0.200943760677 0.193319676633
0.059421062 0.201995682945 0.199083353338
0.038440943 0.195674362099 0.19953793524
0.064739943 0.18895873912 0.195542928055
0.035239935 0.201027186912 0.195220096044
0.063647031 0.193470312857 0.194485412963
0.037514925 0.189757596477 0.194751698748
0.061312199 0.196140999608 0.193122969647
0.040403843 0.189874364179 0.191924320088
0.057914972 0.217392266028 0.201135876605
0.036527157 0.211602808289 0.206289812832
0.066593885 0.175395473623 0.20146351598
0.03696704 0.220614147089 0.202537476334
0.064233064 0.190091196646 0.195366939119
0.037221909 0.209200554437 0.206635299391
0.065604925 0.186116210025 0.195135987036
0.029512167 0.25955854072 0.218291768394
0.067059994 0.178127111076 0.20793395394
0.036763906 0.20648026355 0.214721971782
0.063153029 0.190058943966 0.191555439531
0.036547899 0.194778419411 0.197105875642
0.099323034 0.199129267437 0.194655543604
0.062438011 0.181904160912 0.191937282587
0.040266037 0.197389924417 0.192807784255
0.063151121 0.189152667615 0.189482250981
0.03397584 0.225119261216 0.203887284416
0.064810038 0.186977023528 0.200416317453
0.036267042 0.199145356271 0.203747213672
0.060195923 0.200735039813 0.195619139871
0.041009187 0.18650981791 0.195463404665
0.057528973 0.210841709272 0.199362188998
0.038244963 0.203002052845 0.200117860009
0.067689895 0.188041287403 0.20062834984
0.034836054 0.22319763886 0.204746993036
0.064779997 0.187597183742 0.199612036668
0.032202005 0.224284574827 0.211693132476
0.066129923 0.189341714491 0.200407824353
0.100422144 0.19694981816 0.203525369159
0.034426928 0.210124237632 0.198805256761
0.060657024 0.19731005926 0.201461371684
0.037391901 0.201472131626 0.202968809506
0.065674067 0.18784962716 0.195543939348
0.036720037 0.206413245172 0.198578334652
0.062514067 0.192554341409 0.195605737914
0.035396814 0.203065055516 0.200677547366
0.064465046 0.186190792449 0.193936729791
0.037973166 0.200814912299 0.196690253421
0.061627865 0.194575603098 0.193860435949
0.040022134 0.202046647488 0.199145720961
0.060890913 0.200146481627 0.198922910737
0.034887076 0.210654570191 0.204282566435
0.063287973 0.194385938068 0.201728996628
0.038383961 0.20346732845 0.20283594557
0.062568903 0.201590636806 0.199814634441
0.036088943 0.20012813897 0.201728701409
0.065747023 0.192021226573 0.197913334116
0.036132097 0.201164327661 0.197771231068
0.058142901 0.209011672809 0.200732409015
0.042906999 0.189535837731 0.199903946067
0.061398983 0.196238983307 0.198262164616
0.037648201 0.202242306346 0.196005709128
0.064828873 0.187278066673 0.195253118775
0.034907103 0.223403328543 0.20430790052
0.059581995 0.199130123119 0.203270506111
0.041859865 0.199505540689 0.207346330784
0.060176134 0.192378510058 0.197004724622
0.040701866 0.199804451226 0.197229500658
0.060496092 0.202023942307 0.198068967864
0.036689997 0.199989195965 0.200605863166
0.059998035 0.204276956737 0.202096698336
0.039598942 0.207405718062 0.203890623588
0.065507889 0.185688535926 0.199123736908
0.032417059 0.222796676281 0.205296976756
0.062889099 0.191955556558 0.200146922922
0.039658069 0.206225119029 0.206992450623
0.06115079 0.191195976373 0.196458883987
0.041480064 0.194667467244 0.197362854215
0.060842037 0.196520737792 0.194128060469
0.036396027 0.208567297744 0.199918500927
0.062486887 0.193744153073 0.199610729536
0.038321972 0.203495869158 0.201935773325
0.064043045 0.192993431215 0.196744484482
0.033795118 0.232458368691 0.209649223021
0.063916922 0.191391850815 0.20561455024
0.037843942 0.204544442014 0.209464887173
0.061319113 0.193488937128 0.196475076652
0.04001689 0.189695426106 0.195909601749
0.059743166 0.192615855008 0.191933406081
0.038321018 0.208611002975 0.196974094697
0.062269926 0.191274452454 0.197500436812
0.036218881 0.210541512865 0.203475656098
0.061775208 0.188144587065 0.196653517461
0.038864851 0.198875045218 0.199187048382
0.062819958 0.201518456921 0.196179363068
0.03829503 0.203939832401 0.201444444847
0.062936068 0.190714138672 0.198724142665
0.034446955 0.210336472411 0.201663481161
0.064192056 0.196313793096 0.19912146806
0.038858891 0.198016253217 0.201555506241
0.061253071 0.198587006356 0.197639017556
0.035429 0.207432385899 0.201345215157
0.065032959 0.196609383866 0.200876258707
0.036700011 0.210606176658 0.204882648808
0.062475919 0.192671915718 0.199962492081
0.036585093 0.209063729864 0.204113940747
0.063055992 0.192178215196 0.197971286926
0.03954792 0.193692487494 0.198311477518
0.05845809 0.198623526701 0.194831409797
0.041984081 0.19397668845 0.195430900882
0.059830904 0.201959692937 0.198186636029
0.037467957 0.204444960797 0.200127114061
0.060265064 0.194770572217 0.200391741984
0.037748099 0.207810173434 0.202341902149
0.066268921 0.193290124642 0.198623623431
0.032027006 0.227668081119 0.209589459732
0.064796924 0.187548177441 0.202835461067
0.043370962 0.188039453679 0.201085237413
0.059183121 0.205338021967 0.193641884362
0.035185099 0.206905997337 0.200094490994
0.062278986 0.20363881647 0.205294278592
0.038134813 0.204192531375 0.204912448394
0.063415051 0.192543249709 0.200124865852
0.033590078 0.215702118941 0.204145966675
0.063421011 0.190345625364 0.199530331338
0.043371916 0.176880680116 0.194309474807
0.060272932 0.208123125651 0.19178314371
0.037106037 0.206749483918 0.197251096562
0.059087038 0.196509291936 0.203793967169
0.038305044 0.200578623536 0.20127913313
0.063039065 0.199356208725 0.198814708066
0.033854961 0.215715681965 0.205216838075
0.061470032 0.200322183011 0.2051313579
0.042656898 0.192537371095 0.202858412024
0.062042952 0.186404347749 0.193087967285
0.035125971 0.215780568742 0.198240762529
0.065819978 0.189183275023 0.197122730505
0.039719105 0.191697647769 0.198887163845
0.05871892 0.205195769949 0.195358897581
0.039944172 0.192636162292 0.196509860003
0.059670925 0.20327331946 0.200368417234
0.038547993 0.198716830731 0.198208770828
0.063344955 0.190392320904 0.197460823698
0.037033081 0.209956201052 0.199688450896
0.06208086 0.191671426588 0.197339982848
0.036848068 0.225702959515 0.209110195718
0.060589076 0.195630166072 0.204334850725
0.042279958 0.18499074668 0.202107957422
0.057765961 0.211173168226 0.197264693659
0.041720152 0.194927717425 0.19703054411
0.060124874 0.202504923337 0.202868602996
0.038634062 0.20185200821 0.199761549657
0.064292908 0.184897656208 0.196418195918
0.035303115 0.233622557103 0.206790740507
0.062161923 0.195683521567 0.204734578293
0.03533411 0.221355540015 0.216887206228
0.061283827 0.1894651912 0.20216808426
0.042234182 0.19337348596 0.201398072391
0.062908888 0.19207827994 0.1916389857
0.03383112 0.211441388875 0.198964384925
0.064518928 0.191927010939 0.198482226585
0.037003994 0.206385748522 0.203251382779
0.065026045 0.186355913234 0.194889557565
0.031814814 0.229548599593 0.207430087116
0.065637111 0.192342773892 0.202749095573
0.036134005 0.199559777556 0.20715038368
0.06231904 0.192972099699 0.194958217049
0.041364908 0.192703148282 0.195078341845
0.057678938 0.198310984852 0.194662077611
0.039890051 0.19231998475 0.194444705961
0.059731961 0.204029832538 0.19822026738
0.038593053 0.212811538906 0.203053785398
0.063071013 0.192680352225 0.203173907889
0.037477016 0.205010265492 0.203500718874
0.063416958 0.190357790419 0.196016136045
0.030467987 0.235536958841 0.210301671584
0.064581156 0.194239183331 0.206711310864
0.042382002 0.181555651854 0.203777264676
0.061934948 0.192680940008 0.189491925064
0.034626007 0.201597429354 0.191944673739
0.066139936 0.183217413455 0.192498594272
0.035275936 0.215516322515 0.200110388441
0.065376997 0.186412691914 0.195048809295
0.03679204 0.211018633378 0.204315882602
0.05536604 0.219286515705 0.205572613666
0.04033494 0.179346541733 0.203217230272
0.064944028 0.191734935197 0.196789330878
0.040930987 0.186584726139 0.185888734356
0.060163021 0.201036281074 0.19311864747
0.029902935 0.241143352651 0.209588119955
0.07269597 0.172398442445 0.204859358723
0.033089161 0.220011864308 0.211184553135
0.062273026 0.202733427471 0.198381244741
0.043926001 0.176485152837 0.199743481539
0.058527946 0.210982425387 0.196733668565
0.036731005 0.217954967472 0.201807515232
0.062670946 0.198505380787 0.209147591215
0.038583994 0.205995004042 0.207485117434
0.062216997 0.196991442708 0.200497275846
0.035365105 0.201292828057 0.201426424936
0.063137054 0.194850586472 0.197711619079
0.036336899 0.208589676296 0.201577696942
0.064488888 0.184692997032 0.196044419933
0.035505056 0.198228359364 0.197170344231
0.062097073 0.187540385358 0.190153913918
0.040221929 0.19646084105 0.194076528591
0.061242104 0.189782359535 0.191261195314
0.035241842 0.202323732114 0.196188977566
0.065373182 0.19223829429 0.19478146198
0.035919905 0.203635421642 0.199399149348
0.061772108 0.197850767858 0.197908161263
0.039379835 0.206804650146 0.202763613215
0.062548161 0.194106841926 0.199587419977
0.030193805 0.242635335295 0.214515609122
0.069193125 0.184954921461 0.207232366227
0.038553953 0.201972648563 0.209854301773
0.060384989 0.200488055069 0.195805208365
0.036612988 0.194117535559 0.198859413064
0.063431024 0.194673950085 0.196426513571
0.037898064 0.201820757915 0.196870747853
0.062185049 0.195610748815 0.197368485605
0.036841869 0.211045889121 0.202825798617
0.061034918 0.192502593352 0.199719743763
0.039194107 0.207196837014 0.203581773162
0.062572956 0.191268588941 0.196989339769
0.038989067 0.193809818532 0.197425081496
0.062773943 0.191757191356 0.192278532943
0.037825108 0.203428156768 0.196331722219
0.061686993 0.197190094839 0.197458480988
0.038955926 0.198705788691 0.199774680099
0.058094979 0.201451213193 0.199115698908
0.040035009 0.203995732835 0.201384244906
0.056535959 0.217397444342 0.20761479679
0.042057038 0.18761461518 0.203002597452
0.06369996 0.194575381209 0.199862480244
0.035060168 0.208957469913 0.197049155434
0.062933922 0.193100074075 0.198877641732
0.04184699 0.195988480892 0.19934867496
0.060055971 0.204271695149 0.197786750039
0.029325009 0.2671071644 0.222455780147
0.070348978 0.176348873185 0.215909244245
0.037466049 0.209989502763 0.217815180116
0.062336922 0.19753639745 0.194624924466
0.032814025 0.226069066504 0.211198322239
0.067966939 0.188122198647 0.203909220867
0.038336038 0.19831313815 0.204168134434
0.061169148 0.19226847822 0.192901271672
0.038097858 0.193505892116 0.194695836162
0.059549093 0.191502664868 0.192425678402
0.039767027 0.208556702013 0.197855086333
0.062926054 0.200629519849 0.20022962891
0.029175997 0.262944022101 0.224043414655
0.069566965 0.186775892839 0.21678314493
0.038328886 0.229605316471 0.226441743804
0.059430122 0.20952403564 0.20863508165
0.039494992 0.21757629423 0.218901882113
0.063032865 0.195538152994 0.207546160954
0.039558173 0.197427773017 0.203514073413
0.059952974 0.204238358551 0.199068094854
0.038409948 0.201530291059 0.201065474209
0.057512045 0.203292805881 0.203020485164
0.041580916 0.193918286937 0.199580461292
0.070172071 0.168914082641 0.18870839182
0.032474041 0.225243449068 0.196025272882
0.059383869 0.193005359755 0.195720963821
0.038002014 0.190053427168 0.202767411997
0.058653117 0.197373909387 0.193477565437
0.041014909 0.183113608761 0.190180315105
0.063723088 0.187816400235 0.189434639461
0.035444974 0.216763397823 0.195897802273
0.063757897 0.183558500996 0.196046099685
0.032236099 0.240127318135 0.213483072318
0.063162804 0.193859300483 0.205848373205
0.038043022 0.20468521139 0.212890610003
0.065878153 0.190065331674 0.196203281182
0.037586927 0.200120297145 0.19829028007
0.060992003 0.180362087797 0.190182572205
0.041646003 0.183657865078 0.188046750007
0.061502934 0.18429520777 0.182771720215
0.036844969 0.194145881898 0.187366318249
0.059599161 0.18573682606 0.188059305243
0.036768913 0.192667784332 0.190850164097
0.064547062 0.17542513399 0.184609914794
0.033679009 0.232575726916 0.200222881746
0.066984891 0.197070918575 0.20169059316
0.034595013 0.240402222135 0.223349622542
0.057463169 0.23213133268 0.22320149113
0.039470911 0.215958025392 0.229497193403
0.06642294 0.193015349817 0.213701569297
0.038653135 0.226785201252 0.211919525487
0.062428951 0.205917347546 0.208572632872
0.045491934 0.176487176826 0.203063241875
0.056474924 0.2217117282 0.201372084191
0.034515142 0.228943980587 0.209047628537
0.062988043 0.198420436717 0.216358715168
0.036458016 0.202525529639 0.209963315648
0.063784837 0.200817758616 0.200587908324
0.038149119 0.204115958746 0.202486415667
0.070456028 0.172157121886 0.192363613083
0.024564981 0.292136883802 0.222803321478
0.065783978 0.189461908187 0.217918637958
0.036939859 0.204873088444 0.228823960144
0.062959194 0.181313137522 0.191882711384
0.03655386 0.216175090674 0.200787105547
0.064907074 0.178356445401 0.191948224532
0.033782005 0.202201349505 0.19891096186
0.06781292 0.171902758353 0.184153517753
0.034604073 0.205719771774 0.193274626544
0.059586048 0.187904188578 0.188508906235
0.037616968 0.180362516192 0.191328825515
0.065577984 0.182328294813 0.183531666528
0.035435915 0.198940199512 0.187210336839
0.068283081 0.181346899095 0.187538464473
0.031388044 0.244413254932 0.20823345118
0.06277585 0.187164012913 0.204308055647
0.038813115 0.213088848963 0.214888705602
0.061704874 0.192279300335 0.197510720737
0.037925005 0.218686325816 0.208018158371
0.065109014 0.189656811575 0.200207479242
0.033770084 0.231948490267 0.213430542553
0.065449 0.188495607267 0.203366969703
0.035476923 0.218516329615 0.21298680905
0.06350708 0.183376546363 0.196796161082
0.03422904 0.2234540028 0.208448959593
0.066396952 0.187018855926 0.197949801696
0.097146988 0.194696700221 0.201723186316
0.047184944 0.166492896548 0.182736150898
0.058529138 0.197004763679 0.186064786816
0.032033921 0.213235432528 0.192244364251
0.067400932 0.177567885857 0.195936027354
0.036743164 0.189354297305 0.193385871897
0.058285952 0.209684470797 0.192202217986
0.0359869 0.195574195054 0.198204321052
0.06400013 0.183763673605 0.196340779819
0.036957979 0.213187955976 0.197508608212
0.061728001 0.18306342044 0.193338350007
0.039419889 0.200458047967 0.198903141461
0.060737133 0.194963631227 0.192828366545
0.044781923 0.168224709779 0.187882129657
0.057250977 0.207640264375 0.190276201793
0.034999132 0.214587836064 0.196817603406
0.065545797 0.180133212813 0.200787104417
0.033663035 0.209075295796 0.201265448224
0.062431097 0.18930460248 0.192837703696
0.039294004 0.191426330592 0.196602076289
0.059733868 0.20575886698 0.195496600018
0.044736147 0.167366894605 0.188184030726
0.061163902 0.196804889917 0.189976883834
0.035067082 0.210558694333 0.191576826285
0.061825037 0.210537197091 0.205966927114
0.036913871 0.205953474779 0.209016455401
0.063768149 0.20917969565 0.208556789173
0.038102865 0.216456269102 0.210529813177
0.062912941 0.20579797724 0.210477980664
0.037994146 0.216166116749 0.212806787697
0.061216832 0.206419420724 0.209461171571
0.035681009 0.212746814419 0.21177745063
0.065304994 0.202316732469 0.207160989204
0.035682202 0.211448413413 0.208837320101
0.061506986 0.210314922601 0.208026689495
0.036301852 0.202127511291 0.207963615768
0.062911987 0.195364565421 0.202602333104
0.039417982 0.209526783994 0.202339620235
0.059485197 0.197711356659 0.200867568691
0.042940855 0.190191159445 0.199143100033
0.059520006 0.202240487005 0.19671433437
0.036057949 0.198063955329 0.19683186726
0.062124014 0.193207058385 0.197837166906
0.040773154 0.198325054765 0.196532022826
0.062044859 0.195124450198 0.195552187783
0.036170959 0.212731213458 0.202060239474
0.300684214 0.196948081219 0.201601248291
0.063796997 0.188140485672 0.199273260116
0.03606081 0.210506114533 0.198531560474
0.062065124 0.192833595241 0.197160065149
0.037237883 0.205089451514 0.202809720429
0.060064077 0.202134563726 0.200019203494
0.036252022 0.199863362104 0.202362459115
0.066071034 0.189684817102 0.197227580977
0.035240888 0.20396353236 0.197837237189
0.06366396 0.196313817111 0.196654055524
0.033936023 0.226401691206 0.208893013559
0.06676507 0.182537096119 0.201750868145
0.035877943 0.203231467311 0.204056751545
0.06370616 0.197991921032 0.194586828154
0.03832984 0.200148343953 0.200457244099
0.066781044 0.179733608238 0.192624624408
0.029813051 0.24109763204 0.206993194744
0.063673019 0.188868632097 0.203233290792
0.040102005 0.201931474499 0.210632579545
0.061105013 0.19699455755 0.195931554715
0.038508892 0.198021225851 0.1989824193
0.062449932 0.191829832577 0.195615205326
0.038082123 0.199030447961 0.196293835463
0.060744047 0.197027389367 0.195962556635
0.036473036 0.197388969758 0.197815602362
0.064033985 0.195898958967 0.196771772697
0.035278797 0.204397389174 0.1992284393
0.064980031 0.192869590967 0.197721979703
0.038591146 0.198494623611 0.198587201251
0.06051302 0.199683159095 0.197015791225
0.036864996 0.198102449272 0.198760077326
0.064694881 0.195856299666 0.197880636011
0.038177967 0.203358287779 0.199105678906
0.060153008 0.202410210309 0.200541599251
0.037206172 0.206812246097 0.204193581395
0.062619925 0.194252292701 0.201158249702
0.036643028 0.212819830283 0.204628123027
0.065006018 0.188539713354 0.198537278779
0.038269043 0.202573317551 0.201310953729
0.058120966 0.201162950389 0.197425327098
0.039422989 0.205701703643 0.203145990527
0.063095808 0.191326688454 0.199397114162
0.037771225 0.205243197699 0.200757196599
0.062209844 0.196458602275 0.197676162809
0.03689003 0.210458110227 0.2040533034
0.06200099 0.18838837896 0.198435030487
0.035933018 0.212857600773 0.20390136332
0.062496901 0.191501351403 0.197582443712
0.038506031 0.198035938838 0.200798297004
0.060534 0.19923337298 0.19625688774
0.042849064 0.179845492074 0.192371601297
0.057994127 0.208753362215 0.195944075757
0.036560774 0.22149030543 0.20336305324
0.064908028 0.186339816086 0.20552782791
0.03550601 0.204062664321 0.203964261945
0.066169977 0.192534659639 0.194312380015
0.035992145 0.217628596462 0.204741973474
0.052996874 0.222351548508 0.210838268203
0.051063061 0.159713339551 0.199897828174
0.058763027 0.203865604132 0.195310164064
0.036426068 0.207446601154 0.190341848279
0.063741922 0.186495913945 0.199269373077
0.036488056 0.207094178983 0.200345564694
0.061485052 0.186596963438 0.193395685455
0.036262989 0.209967771824 0.201219638081
0.064610958 0.192723330306 0.196429355189
0.035811901 0.199424766644 0.200705289591
0.063217164 0.19770129201 0.196616462986
0.04054594 0.188924834398 0.195350297684
0.061490059 0.197634303782 0.19475347673
0.037525892 0.205971093239 0.19751007714
0.061906099 0.197050390786 0.200218595936
0.033421994 0.218854835531 0.207292106519
0.063247919 0.195055413602 0.20365354664
0.037239074 0.210650753561 0.208187000898
0.066629887 0.192934501 0.199546889387
0.035058975 0.209950262379 0.20451183898
0.060647011 0.200951403854 0.201278722411
0.039618015 0.20410760105 0.205003089094
0.060192109 0.198642682548 0.201233895817
0.036945819 0.20515181975 0.202634034449
0.067111016 0.178678251571 0.194157584623
0.035498142 0.201836422875 0.195222164732
0.062079906 0.199653072928 0.193389249125
0.03759408 0.201001434268 0.200830310024
0.061660052 0.186441003975 0.195698503724
0.037533998 0.20347145007 0.196971296104
0.063629866 0.198410350259 0.196107601435
0.040323973 0.191678756456 0.197853518928
0.059211015 0.205824912814 0.19863800651
0.037734032 0.204834961713 0.200779543661
0.06082797 0.192778782524 0.201146219017
0.036353112 0.213249611202 0.20362111848
0.066071987 0.193343224262 0.19979053933
0.038388967 0.203740856064 0.203444563843
0.061200858 0.200450376039 0.199178152122
0.033888101 0.2148249027 0.206338711601
0.063611031 0.191044616145 0.202106631628
0.04240489 0.194496530943 0.200122016596
0.060115099 0.200621694061 0.195387613716
0.038873911 0.198236061198 0.197784762067
0.061184167 0.198245846838 0.199034534032
0.036188841 0.212626096536 0.203036001524
0.063035965 0.19205653471 0.200976159361
0.03730011 0.206600221822 0.203760951023
0.063379049 0.192652622478 0.197103126337
0.039232016 0.197601035848 0.198951293383
0.060223818 0.20198095046 0.197411536262
0.040391207 0.189363392879 0.196315126396
0.060406923 0.198889736529 0.19674469329
0.03884387 0.19661009575 0.194954408386
0.05835104 0.199185327288 0.198228386522
0.035845995 0.21562378168 0.203806401573
0.062905073 0.194104217954 0.202971108974
0.040677071 0.201625333348 0.203784444328
0.064224004 0.18904187288 0.194923808061
0.037230015 0.206679798544 0.199115668257
0.059087992 0.205473660367 0.20039844393
0.039343834 0.19586832844 0.202673929117
0.060188055 0.194828392444 0.198723460417
0.041435003 0.197381185178 0.196025968687
0.06021905 0.19491939843 0.195709658684
0.037148952 0.220774141892 0.204358241833
0.062291145 0.196572032831 0.204088524384
0.038453818 0.202798146077 0.2067147736
0.055135965 0.213725052241 0.20436507705
0.045262099 0.180182805928 0.198902001416
0.059617996 0.193406685458 0.195771514542
0.04027605 0.199914862555 0.19116811798
0.06038189 0.186381429929 0.19323432598
0.037510156 0.200529877828 0.195608723437
0.063334942 0.194787405031 0.19389957093
0.036921978 0.206532217748 0.200616500203
0.063374043 0.190850219229 0.197389947336
0.035037994 0.20711716544 0.201499867473
0.063331842 0.198616487422 0.198861290697
0.039680005 0.193338030073 0.199690560979
0.061423063 0.196162050727 0.196038856074
0.035923958 0.200085302405 0.196528461068
0.064619064 0.193233934803 0.196493762645
0.037351131 0.205084418997 0.199467885401
0.06503582 0.186150785828 0.194823046543
0.036602974 0.211479209312 0.200904804712
0.0621171 0.196937365073 0.198189120071
0.035209894 0.208396054813 0.205604209733
0.060006142 0.205017213071 0.203450210986
0.038239956 0.20393232147 0.205781863118
0.065500975 0.194501135288 0.201150223277
0.034263134 0.21381826893 0.204083908563
0.065726995 0.19278075926 0.20036672116
0.036791801 0.20945457386 0.205351200684
0.062882185 0.192159846227 0.198131726449
0.034276963 0.210035381489 0.203883267192
0.064033031 0.195182311454 0.19912584639
0.038234949 0.200042531769 0.201753408237
0.062335015 0.18516138963 0.193462077618
0.034895897 0.217533339235 0.200912420211
0.063233137 0.18836082733 0.197018518732
0.042302847 0.187069040531 0.197654402365
0.05588603 0.200963013476 0.192130960445
0.043643951 0.17973714158 0.189256398529
0.059348107 0.19894442463 0.193214859895
0.034996032 0.203744841701 0.19414213597
0.061997891 0.195086474796 0.199258580376
0.042294979 0.193640219091 0.197490511863
0.061479092 0.199355839543 0.196027511143
0.033894062 0.230760213987 0.20791875754
0.062535047 0.188621526102 0.206245859877
0.042004824 0.194155128468 0.204512289519
0.060472011 0.20058051319 0.194452389253
0.034863949 0.22103666455 0.205257435403
0.068047047 0.178590336183 0.200069171308
0.031314134 0.230276015297 0.20996767201
0.066136837 0.18792856695 0.198931639477
0.031373024 0.229476603849 0.215893728699
0.068667174 0.182681043492 0.200028738097
0.036720991 0.195428739927 0.202528795756
0.060824871 0.197523098734 0.191877627384
0.041857004 0.192914404481 0.195288747714
0.057969094 0.199702879607 0.19671346094
0.041168928 0.198097264034 0.196904849374
0.060822963 0.200559466332 0.199453203324
0.036144019 0.214483259319 0.204379996561
0.060627937 0.196074756758 0.203705827469
0.041442156 0.201794375756 0.204117463944
0.057498932 0.214958549143 0.204275893886
0.041102886 0.189167373795 0.201973432898
0.063776016 0.19036977788 0.198165233606
0.037256002 0.203134598286 0.194223916653
0.060347081 0.192597070271 0.195367148812
0.041054964 0.170028501304 0.188586723287
0.060863018 0.202698607552 0.188441393042
0.037910938 0.202056066247 0.191594391701
0.061372995 0.196322079442 0.200358917747
0.036468029 0.20941896805 0.202599037913
0.063470126 0.19183171308 0.199190920191
0.038782835 0.201374706104 0.200875129078
0.060433149 0.202615571133 0.198607330106
0.041224003 0.186376199323 0.19678882552
0.059344053 0.203616544357 0.197536104938
0.040413857 0.191252445912 0.193748396531
0.05659008 0.208843917521 0.20123763593
0.039030075 0.19980394606 0.199966769831
0.058579922 0.209025491703 0.205891118428
0.042016983 0.183681203384 0.197503547049
0.063282013 0.199318959718 0.197341884935
0.037513971 0.207878899304 0.196959687468
0.06338501 0.195542195229 0.200913351417
0.042145967 0.207443834424 0.203621642986
0.057873011 0.20302002258 0.202002017411
0.035877943 0.209010561168 0.206491472724
0.062504053 0.207512847207 0.206514476985
0.037523985 0.210279238732 0.208934215703
0.062619924 0.195907855142 0.204566647027
0.037073136 0.204447284956 0.203544792943
0.063967943 0.185656884418 0.195337341505
0.03689909 0.204162921091 0.198089030155
0.055258989 0.20616177035 0.198660525286
0.047976017 0.156064435278 0.188796375573
0.057749033 0.205251073208 0.189159092946
0.039761782 0.202790206938 0.188035238475
0.058307171 0.200520532886 0.202853937677
0.040016889 0.205527371206 0.20294603701
0.061465025 0.199401464491 0.201816456194
0.039276123 0.199432107899 0.201453647865
0.061757803 0.200880899212 0.199904823868
0.034246207 0.216278462605 0.205530489905
0.062093973 0.206842699532 0.208000687116
0.042769909 0.171559939489 0.198227033875
0.060209035 0.199926057609 0.19277623221
0.039505005 0.202650398348 0.191378798482
0.060777903 0.19710716245 0.199894539469
0.035570145 0.20239937172 0.200718977506
0.064338922 0.196760850298 0.198755794823
0.035633087 0.219821538336 0.206327253452
0.064384938 0.190716251059 0.202432879898
0.03613305 0.211998018435 0.207511935943
0.064419985 0.187036274535 0.196583514676
0.037984848 0.20287592042 0.200636737796
0.061894179 0.197460556024 0.195790916993
0.037971019 0.203859896412 0.201398790952
0.059032917 0.196689450396 0.199336634277
0.039361954 0.205142737579 0.201897361462
0.061481953 0.19634887005 0.199393686008
0.039218187 0.196789566025 0.199427057884
0.061048985 0.200571672076 0.197903369383
0.036912918 0.210327614847 0.202562950983
0.061660051 0.191485002178 0.200794763034
0.041394949 0.197572172392 0.199794929806
0.059164047 0.196058815922 0.195038663497
0.038224936 0.200998976166 0.19820998816
0.063044071 0.200619373073 0.19922572172
0.035946846 0.20412369419 0.201914014476
0.064085007 0.198259430634 0.201000832632
0.036750078 0.2106326958 0.204338606875
0.05366993 0.218275354561 0.209055826998
0.046971082 0.174608027978 0.201172026113
0.060605049 0.19481833931 0.19590057395
0.040060997 0.206163690834 0.191863352707
0.06149292 0.200060299625 0.200347443256
0.039218903 0.197667104559 0.201297031673
0.062939167 0.191802856241 0.196510086808
0.035049915 0.219863899813 0.203111286871
0.066720009 0.183696258194 0.198454338083
0.02908206 0.253891196153 0.219150451387
0.060842037 0.210152234055 0.215913229468
0.052439928 0.147612101985 0.203885177398
0.050501108 0.237217765598 0.198327367213
0.049551964 0.152960677805 0.179263515129
0.053200007 0.211759032287 0.20064582523
0.031096935 0.242997067074 0.202572259055
0.069463014 0.178432280523 0.211062793295
0.03695798 0.205084314673 0.208837887423
0.063014984 0.18883012015 0.190782238449
0.034294128 0.205227816261 0.199714083695
0.065511942 0.185852878548 0.193303604986
0.039135933 0.190433507743 0.193838067517
0.056988001 0.19930044572 0.191862277337
0.039289951 0.193791511728 0.194508488397
0.064567089 0.195173519438 0.196088492295
0.038085938 0.204454567983 0.197806533049
0.060755968 0.20343494486 0.20102101076
0.036497116 0.216511189542 0.208133567461
0.060579062 0.198895024159 0.206280386187
0.040222883 0.209629627991 0.208345280564
0.061475038 0.195621448823 0.201382033657
0.038599015 0.203527421619 0.202926166144
0.062561035 0.203825480189 0.20099145021
0.038576841 0.201852816305 0.203068572704
0.062790155 0.194826370472 0.200168222322
0.036108971 0.214691440529 0.203790209102
0.061383009 0.199104918431 0.202874243144
0.038135052 0.203587135531 0.205794498164
0.06182599 0.190412122798 0.197701392253
0.037196875 0.220799381668 0.204932879999
0.063348055 0.185109740149 0.198773748205
0.038253069 0.212293946925 0.206067689581
0.063089847 0.190797023172 0.196066903415
0.038056136 0.200377095562 0.201156021886
0.061136007 0.196517855672 0.195897324802
0.037719965 0.201246766798 0.199380572678
0.06287694 0.188511893231 0.195425505234
0.033101082 0.210884768057 0.200214476029
0.066459894 0.174015865869 0.191137509053
0.037482023 0.204982879393 0.196627837773
0.062896967 0.181309378559 0.186769374607
0.033836126 0.204941842337 0.19707803343
0.064594984 0.191522703992 0.192591308296
0.038784027 0.200774509568 0.199079685299
0.061203957 0.198369951799 0.19688905512
0.037822008 0.206185853485 0.201776771617
0.098028898 0.19987798904 0.201477931441
0.061494112 0.205301346574 0.203788396366
0.037866831 0.204725000621 0.203301445412
0.061667204 0.198934509825 0.20298695234
0.041343928 0.188621724573 0.19742707834
0.062654018 0.193962739948 0.193839658115
0.035699844 0.201018721538 0.194534395353
0.064397097 0.193721108267 0.196234189918
0.033381939 0.219462506357 0.204734112054
0.066576004 0.193263671998 0.202149095541
0.035758972 0.221302586663 0.211342921673
0.062075138 0.19261692177 0.202394393477
0.038161039 0.217635557564 0.210518355332
0.063573838 0.192968293026 0.201073590787
0.0354321 0.205463633259 0.20535582795
0.059700012 0.21185694234 0.203429622875
0.043632984 0.177934335181 0.198418303593
0.097872019 0.201022234966 0.196937837496
0.064316988 0.185007528649 0.187988032932
0.034049034 0.223620411669 0.203216725094
0.065304041 0.185209824917 0.197945921745
0.035973788 0.216138622933 0.208322953173
0.062120199 0.197298402087 0.199548949979
0.035396814 0.218360019633 0.210599014884
0.064035177 0.18744069373 0.201033038483
0.039461851 0.182730759386 0.196177157583
0.062594176 0.202429376177 0.190866943098
0.03456378 0.212291682218 0.199150605927
0.057923078 0.211395827411 0.208705628602
0.043406964 0.186556631788 0.203414713806
0.062428951 0.190787219859 0.196246559686
0.03511405 0.205028329116 0.194124060254
0.064141035 0.196469950945 0.197428499973
0.036060095 0.200607680041 0.200701986701
0.065604925 0.192085975253 0.196387868746
0.038347006 0.201260301782 0.197984652358
0.064687967 0.185905301368 0.193083859467
0.031052112 0.243718784732 0.210294795961
0.063637972 0.180465257441 0.203363114514
0.036955834 0.203849438224 0.209344493466
0.066220999 0.186124193022 0.190146296229
0.033818006 0.222082520182 0.204018717143
0.063190222 0.185936678621 0.198047797275
0.036575794 0.191165583446 0.199728260749
0.063762188 0.18878516214 0.188629141402
0.040192843 0.18542587296 0.188458872849
0.059699058 0.192758167139 0.18898973408
0.037929058 0.197404058914 0.191862699671
0.059856892 0.19398187263 0.194714699561
0.039839983 0.206729129377 0.199371686974
0.061300039 0.194112878134 0.198274626714
0.035416126 0.225071144145 0.208637717219
0.066862822 0.196913869415 0.205365963898
0.03770709 0.214145907308 0.212043640289
0.05703497 0.214889496742 0.208649757822
0.042680025 0.187844875911 0.205626759987
0.059567928 0.205945303318 0.202893225324
0.04025197 0.193166322046 0.195652167092
0.058291197 0.184964189361 0.194691938242
0.040411949 0.189551238917 0.189227250108
0.065333844 0.177896635012 0.18413735443
0.033796072 0.219159108195 0.195535660708
0.060611963 0.188334586689 0.195130109965
0.039645195 0.195251101678 0.200914932187
0.063334942 0.204972367386 0.196186018584
0.035028934 0.216049480695 0.205424316586
0.064856053 0.194481538986 0.205167795689
0.038533926 0.21792098215 0.20948400061
0.061958074 0.201161159399 0.204521226845
0.03715086 0.213321360528 0.210801167359
0.0621562 0.193477657901 0.202653392609
0.032734871 0.242802545335 0.216533854588
0.067898989 0.187971164048 0.208083789094
0.038672924 0.195989886878 0.208921198753
0.062013149 0.190951954399 0.191637668442
0.035582066 0.213338399181 0.200093413486
0.063984871 0.187768089741 0.197352814441
0.035949945 0.212116541486 0.204407676803
0.061845064 0.193706000531 0.197863543919
0.037630082 0.199584683339 0.201802408452
0.063799858 0.18343777505 0.19224281964
0.034217119 0.218145542879 0.200389333756
0.059062004 0.194057164061 0.19854682733
0.045101881 0.179290482364 0.197164396434
0.056971073 0.197135570889 0.190161072438
0.04232502 0.174179716867 0.183535256707
0.064651012 0.170332430372 0.180549239376
0.035031081 0.211103905129 0.18520535079
0.059826851 0.196967361695 0.192801232399
0.037137031 0.230460453341 0.212843906722
0.065248966 0.198959673936 0.208795829657
0.037281037 0.22277274637 0.217397624549
0.05936408 0.21111540851 0.210949276272
0.040205956 0.214301881045 0.216063345308
0.061305999 0.204616044182 0.210011111245
0.037818909 0.19219192706 0.203703284095
0.060333967 0.198939313903 0.198582428381
0.040250063 0.199757749447 0.196962996803
0.06143713 0.187492482152 0.195396515167
0.03478694 0.218545810583 0.201932014061
0.063891887 0.187320199198 0.197786163978
0.03590107 0.213367874551 0.206411294777
0.06279707 0.193154027728 0.197947367159
0.041868925 0.184605862224 0.197042588167
0.056847095 0.220462839834 0.199407576595
0.043288946 0.164713204151 0.18992730207
0.059069872 0.209241811122 0.198139285036
0.041922093 0.181898790215 0.18528460183
0.055881977 0.217880319445 0.203006973594
0.040105104 0.194448143059 0.198075750907
0.063946009 0.191845201786 0.20139122143
0.035432816 0.216512681352 0.200935342066
0.063853025 0.188877394611 0.199078425916
0.038685083 0.199203682722 0.201531252895
0.061017037 0.199166422978 0.19574916677
0.032481909 0.223415748132 0.207261951277
0.064465046 0.187262908336 0.203281693149
0.037853002 0.200539471083 0.203739375851
0.066186905 0.184653731731 0.190818703717
0.035884142 0.20801143859 0.197734880468
0.063628912 0.186827145496 0.193164105273
0.03392601 0.212547658861 0.202462080983
0.065908909 0.192598211571 0.197324338643
0.037846088 0.206054665412 0.203733511948
0.061929941 0.195300525153 0.197984467379
0.037064076 0.208537479796 0.203297556787
0.065086126 0.190077467508 0.197971824152
0.03441 0.216922755013 0.205179234106
0.064114809 0.203377475553 0.203459232692
0.034996033 0.230406114887 0.216902115151
0.065214157 0.196946270424 0.210243286955
0.035004854 0.233309671853 0.220220685721
0.060111046 0.204276165815 0.211510702697
0.042366028 0.200112788482 0.212566208717
0.059484958 0.201391417306 0.201926790534
0.040080071 0.205778178387 0.202427461392
0.060425997 0.201686403288 0.20295199966
0.032986879 0.234662030318 0.214042203998
0.068264008 0.17650405174 0.204284161782
0.034976959 0.201550626514 0.204238902857
0.06231308 0.175983726049 0.184679468101
0.03889203 0.180076792083 0.185870381549
0.062017918 0.169020346668 0.175026954933
0.037657023 0.169158539165 0.172751892639
0.063780069 0.176270489767 0.1714831252
0.039457083 0.183628652934 0.176352560622
0.058201789 0.189998283386 0.183299142029
0.037293196 0.21158055212 0.195069162813
0.064235926 0.184523704072 0.195367513193
0.038877964 0.196437678681 0.197513978291
0.098356008 0.203195162211 0.194718848321
0.06140399 0.192846295493 0.197493045462
0.03923297 0.210514855235 0.202185437647
0.06223607 0.196560901098 0.199974017275
0.03490901 0.207882434936 0.204986063756
0.06447196 0.195104166214 0.199849167416
0.038098097 0.191690571841 0.198225724331
0.063579798 0.200559507912 0.195784748656
0.037099123 0.209582447542 0.200610842432
0.063312053 0.191400964363 0.200514306606
0.035710812 0.21450464358 0.205162685162
0.063484192 0.190700529039 0.198868712327
0.033483982 0.216729599245 0.207311590621
0.064470053 0.196003297841 0.201144475375
0.040262937 0.193399800914 0.202044232667
0.06091404 0.20007049278 0.196491197178
0.035635948 0.202348875355 0.198606389683
0.064491034 0.193260322047 0.198559896727
0.096390962 0.201003886651 0.198871028018
0.035609007 0.231939155169 0.208734454622
0.066931009 0.182945053167 0.205296031662
0.040073872 0.192012690962 0.202298966433
0.058542967 0.197548511677 0.190835418602
0.039227009 0.203499252263 0.197686818301
0.061638117 0.194917002413 0.198654922117
0.038596868 0.200554304044 0.199656852906
0.062338114 0.197717402872 0.197729569776
0.034198046 0.213551557887 0.203941088267
0.063060045 0.19125252765 0.200840496136
0.037612915 0.203044539356 0.202616208298
0.064668894 0.194331899352 0.196209655453
0.036055088 0.202871921988 0.200082786898
0.060555935 0.202394959305 0.199866260215
0.040127992 0.191753726426 0.19900686924
0.056929112 0.211242290236 0.201796991989
0.042547941 0.188969473282 0.197321829981
0.063241005 0.189248115206 0.196486626242
0.038165092 0.200710507917 0.192976032135
0.061485052 0.199336515158 0.19643171276
0.035749913 0.218136558822 0.206061193966
0.064249992 0.190399681295 0.202624251758
0.036835909 0.209516480237 0.206017573451
0.059656143 0.195213911164 0.198376690899
0.044142962 0.184229005747 0.196319799049
0.059684038 0.196859669582 0.192100862164
0.038908958 0.211971854913 0.197686843414
0.060842037 0.202957833249 0.203929785915
0.033356905 0.220317862224 0.211749183462
0.064363003 0.190065370318 0.204447021931
0.038537979 0.216104663921 0.208829298821
0.063292981 0.196190506495 0.200786846912
0.035676002 0.204058963782 0.205451378066
0.063330174 0.196984726428 0.199078065568
0.038385868 0.197755616729 0.199599768979
0.063158989 0.188399579987 0.194379974381
0.036695003 0.194311497944 0.19348889822
0.060316086 0.19995317667 0.1942214182
0.038694858 0.211358573793 0.201874416136
0.066653014 0.183016795009 0.198109515157
0.030135154 0.240431855766 0.211602408189
0.066497803 0.187774564522 0.203741071766
0.039045096 0.196186865567 0.208131095285
0.060956001 0.199365850788 0.194442426959
0.038567066 0.198917231609 0.198156649321
0.058553934 0.198298409805 0.198860497401
0.037106037 0.207370353239 0.201528664884
0.064424992 0.194173621318 0.199947461454
0.037913084 0.201436976216 0.200993650258
0.061919927 0.187704856306 0.194438484613
0.035862923 0.213594831632 0.200912221385
0.064959049 0.192754561416 0.198018083118
0.038008929 0.200019842706 0.202123078585
0.058904171 0.196337132051 0.196370512058
0.038456916 0.197090739153 0.197815904637
0.063046933 0.19659075248 0.196672874561
0.036885976 0.19674062576 0.196807372464
0.064301968 0.197232206019 0.196854528086
0.03205204 0.227130878409 0.207034570063
0.067067147 0.180512658456 0.201625247628
0.038944005 0.209119041557 0.205587526141
0.062906027 0.192453244583 0.194028314865
0.035236836 0.205621497912 0.202397928018
0.062174082 0.195089442575 0.197721395024
0.038552045 0.19839715377 0.199702698086
0.062429905 0.199640829183 0.197709141843
0.03997612 0.190465182714 0.196167721889
0.060374022 0.198998122073 0.196368044657
0.038748979 0.198577928982 0.19601374459
0.063593865 0.193088657216 0.19688823609
0.034909964 0.222395130513 0.204687238904
0.062659978 0.19504729159 0.203510359773
0.037239075 0.208485468557 0.20864263022
0.062932968 0.193286037296 0.198939599148
0.035535097 0.204219788678 0.201997098177
0.063499928 0.199904762097 0.19913686269
0.037778139 0.205815458512 0.203313336429
0.061625004 0.198323054064 0.201347758224
0.037684917 0.203879260236 0.202672590937
0.063288927 0.181824555186 0.194675623162
0.037059069 0.216647185605 0.200783667009
0.059216976 0.204248018339 0.200906586377
0.042908907 0.179326217748 0.200073807231
0.057892084 0.200167504766 0.194580580284
0.034703017 0.231355763679 0.203616495398
0.067501068 0.176621872116 0.202715046854
0.038318872 0.199003196127 0.202326943974
0.064157963 0.190134169316 0.18858641252
0.033298015 0.22105344718 0.203396937541
0.063786984 0.199185730431 0.203457782309
0.036818981 0.208361388383 0.209533521998
0.060917139 0.189471110913 0.199006076576
0.04100585 0.185120440132 0.194317646476
0.059253216 0.203539888873 0.192710479973
0.040596962 0.189254875771 0.192638401592
0.062896967 0.200539161133 0.197777975259
0.03562808 0.204980060671 0.198258032525
0.060751915 0.200983623315 0.20216761504
0.038702011 0.211319509986 0.205761064657
0.063662052 0.19306278409 0.20178863913
0.035530806 0.221102724211 0.208495006096
0.062902212 0.187886778926 0.200684095742
0.040565968 0.201041720488 0.203343741208
0.060351848 0.199452964555 0.196127154657
0.036503077 0.195648712025 0.19871446569
0.064665079 0.192027632101 0.195709769561
0.030812979 0.234395155366 0.207357166497
0.067793846 0.185714010089 0.204045599185
0.037756204 0.20410449631 0.208071220588
0.065391779 0.183199787239 0.191006097879
0.033548117 0.223182421833 0.203495568461
0.064264059 0.182650476528 0.196344228534
0.038429976 0.194531243007 0.200121380456
0.055480003 0.20617098741 0.194450902315
0.042806864 0.18890283577 0.196535022062
0.063732147 0.189054889364 0.194709570848
0.036408901 0.210391821494 0.196116515543
0.062808991 0.185414680519 0.194953797126
0.035964012 0.227727901993 0.207844801335
0.063982963 0.184713139965 0.199285240826
0.035878182 0.229877979882 0.214106340613
0.060939789 0.192236028254 0.202275716034
0.035766124 0.213206720415 0.211773576184
0.066926003 0.184335660984 0.196592803218
0.035253048 0.202259418817 0.199933933405
0.065098047 0.191989093006 0.192861390936
0.038716793 0.199040530036 0.197763013953
0.062262058 0.193888740395 0.194972787812
0.034655095 0.20874079266 0.200556687697
0.064115047 0.194213988489 0.198947840514
0.036820888 0.208037758351 0.203664179833
0.066252947 0.183774210074 0.195341985638
0.024626017 0.295622633575 0.229144867333
0.069749117 0.18166394852 0.22035359739
0.036716938 0.198587556511 0.225291379535
0.064934969 0.194067791116 0.191439765382
0.036921024 0.207473525111 0.200042957579
0.062952042 0.18920190071 0.196914405646
0.037334919 0.198077247737 0.198250891186
0.062118053 0.186364421306 0.191214523251
0.034130097 0.201151611143 0.195197760062
0.065168857 0.182235649767 0.189917227405
0.037924051 0.192266564561 0.19188460849
0.063824893 0.179936737223 0.18481298385
0.035089969 0.196305730564 0.189503010782
0.05770421 0.204013156059 0.193418541282
0.044435025 0.181721941194 0.194013609272
0.061247825 0.189764632458 0.191833243237
0.038030148 0.214447022399 0.195311198684
0.066416025 0.182976096507 0.195729250455
0.030345917 0.240280331618 0.212567816841
0.064296007 0.198504582096 0.207253670074
0.03975606 0.19818352221 0.212322811975
0.059553861 0.200771567103 0.199153223803
0.101761103 0.20148975783 0.200148282381
0.036759853 0.211830118037 0.204697147657
0.06825018 0.179577782799 0.197632552888
0.034762859 0.208756420178 0.200054773671
0.062973976 0.190233502169 0.192855901715
0.03164196 0.237355334499 0.212115085615
0.062256098 0.197237770989 0.208275535886
0.041388035 0.18313268557 0.205908597019
0.060792923 0.198005859991 0.192792105517
0.035331011 0.205073412703 0.195403986088
0.064898014 0.188853483251 0.197310918648
0.036587 0.225739278979 0.206555391644
0.060698986 0.191670252943 0.202087671724
0.039319992 0.205361664367 0.207590398763
0.071557045 0.169991144827 0.189007687379
0.028688907 0.269014431257 0.21478908015
0.059989214 0.192785923149 0.210597166411
0.041300774 0.19356019817 0.218453517525
0.059858084 0.19051411669 0.192286746003
0.037773132 0.209502166778 0.197858827213
0.065881967 0.179039220247 0.193018501238
0.034373045 0.219501792757 0.202681059927
0.064109803 0.184347688605 0.19429623387
0.036352157 0.203432164974 0.202427215445
0.063819885 0.180492334012 0.18942406253
0.034923077 0.206809182364 0.196911227117
0.062190056 0.177628413777 0.188309976718
0.037822962 0.195521387246 0.193319661129
0.064826011 0.18870786296 0.187285887994
0.032459021 0.217895234733 0.200708161646
0.067780972 0.181840561389 0.196147886361
0.03488183 0.216960606711 0.205565467611
0.066605091 0.172944737813 0.190581968638
0.035739899 0.228189005235 0.20603144992
0.060684204 0.202156973172 0.201096905407
0.03657794 0.212568695777 0.214304891395
0.063987016 0.18938198337 0.20136921744
0.036504984 0.195322945491 0.199091208213
0.059051991 0.201112423119 0.19527245066
0.043533086 0.183370115319 0.193268494643
0.06264186 0.190874313119 0.191785617186
0.033697128 0.21262399573 0.195622808056
0.062486887 0.199458776047 0.200985694965
0.036659002 0.208013791537 0.206698854438
0.05685401 0.211116120041 0.206196229209
0.042093992 0.172125537535 0.197085149705
0.067192078 0.188920158117 0.190720605231
0.036344051 0.213619720047 0.191555138567
0.061386824 0.191211407191 0.197917095118
0.040076017 0.203786993104 0.20287270678
0.058583975 0.199573091447 0.198190497247
0.040380001 0.201967602725 0.201775895758
0.063910007 0.191232321411 0.197591005194
0.035959006 0.218149495011 0.203783139716
0.061774015 0.199522890005 0.202968235476
0.03492403 0.207463199407 0.20837852