0.00277169586365 0.0246022907299 -0.537026131566 0.663168399845 
0.000803623568648 0.0245375158293 -0.537816726761 0.664105721597 
0.000248295950617 0.0245543256531 -0.537835937961 0.664129945483 
0.00340959932598 0.0246515621254 -0.537813120242 0.664120114117 
0.00866126148638 0.0249073372099 -0.53782801057 0.664120233073 
0.013514404696 0.0244530682841 -0.537822725991 0.664126262768 
0.0303335550493 0.0245749559165 -0.537829125473 0.664124122819 
0.0517236817345 0.0241872668407 -0.537682990015 0.664092075987 
0.0610087657054 0.02221597546 -0.536879606712 0.664067223146 
0.0760998333672 0.0211784509115 -0.535086230052 0.664047134977 
0.0761954843468 0.0240707363191 -0.533128628437 0.664046127157 
0.0835076470282 0.0231513225106 -0.527950074263 0.66408315595 
0.0788017961701 0.0244155083781 -0.525864320912 0.664189147737 
0.0851009212446 0.0219210669905 -0.523419973691 0.664090339378 
0.0811228688627 0.0253039431881 -0.521220377051 0.664056267515 
0.0852476642278 0.027219272943 -0.516191540282 0.663963445278 
0.0891604423103 0.03025191257 -0.513710614079 0.663942324896 
0.0902312269972 0.0286819576687 -0.51120839196 0.663942291923 
0.0884464593255 0.0316878568589 -0.508681423545 0.664011325254 
0.0952918740237 0.0303829168606 -0.504245099947 0.664108064027 
0.0900720812622 0.0330465260561 -0.502194432724 0.664038490358 
0.0955787015578 0.0321839562642 -0.499819084548 0.664059152839 
0.0954672524068 0.0302235240889 -0.492820400716 0.664407777002 
0.0924180553637 0.0304517094611 -0.490540723887 0.664524231383 
0.0978707337468 0.0315966099202 -0.488111000519 0.66467106367 
0.0937728637754 0.0302505704815 -0.485623863993 0.664656307722 
0.1016108527 0.0290847125008 -0.480447761507 0.664597302403 
0.0954809517585 0.0328452139932 -0.477702985934 0.664515614182 
0.10125590634 0.0315453839485 -0.475113991537 0.664413339348 
0.0965429293203 0.0312818510353 -0.472107373342 0.664282525396 
0.102321545936 0.030938171603 -0.466585088336 0.664431013868 
0.0965217436573 0.0323272538392 -0.464054644818 0.66448925425 
0.103175076538 0.0310057610797 -0.461616678576 0.664487236477 
0.095611104927 0.0314963050762 -0.458925835713 0.664441431869 
0.0972654870487 0.0317892665292 -0.453526088478 0.664257526209 
0.102233096679 0.0314090076231 -0.451792657291 0.664226285706 
0.10565455084 0.0311853639491 -0.449191533934 0.664081450182 
0.0992538971831 0.0317134722413 -0.446825155408 0.664036397462 
0.103880047825 0.0306880861138 -0.441419749468 0.663819575783 
0.0962754827181 0.0298973545685 -0.438633892879 0.663727512278 
0.103335284644 0.0347219173272 -0.435772291535 0.663531531503 
0.0954156190336 0.0325739416753 -0.432998934483 0.663627917331 
0.102615193838 0.0291069115962 -0.426625345288 0.664189416359 
0.0947617395707 0.0293035716667 -0.423509497602 0.664309356167 
0.103157909049 0.028528153529 -0.420342818394 0.664688699322 
0.0956500308279 0.0274373002888 -0.417436154685 0.665219785915 
0.104370343737 0.0268411564807 -0.412850766841 0.665649623135 
0.0967640202776 0.0266197297467 -0.410276565815 0.66578233142 
0.105275216088 0.0277066150109 -0.407784700629 0.665872070354 
0.0985128769592 0.027650501507 -0.405137585499 0.665926419505 
0.104790971298 0.0290458108189 -0.399583981859 0.66578845547 
0.0945193188131 0.0274256691325 -0.396850837161 0.665612775146 
0.105236132894 0.0284658946208 -0.394836129715 0.665546272691 
0.0960149577633 0.0286186119189 -0.392186651125 0.665439703675 
0.0968867676323 0.0286734865321 -0.385592753811 0.665437363701 
0.100699816867 0.0310062867423 -0.382696371606 0.665505211084 
0.105702934595 0.0329150031544 -0.379852949853 0.665227573085 
0.0976796724686 0.0330498005217 -0.377284495276 0.665057315744 
0.104913840759 0.0308960116294 -0.371821876414 0.664859478514 
0.101898011534 0.032389421657 -0.369257403197 0.664612463382 
0.100859145771 0.0323841282718 -0.366890324886 0.664710989214 
0.0956341873613 0.0327086586663 -0.36461335314 0.664589239952 
0.100421116955 0.0326566732982 -0.359867068241 0.66434649412 
0.0936015001406 0.0293945548858 -0.357157048119 0.663823816306 
0.100496818449 0.0272018422661 -0.354460273067 0.663425747686 
0.0950800302664 0.0260510413335 -0.351806947568 0.663103477268 
0.104128485778 0.0207865961201 -0.346194251495 0.662514968085 
0.0956281145285 0.0168890378338 -0.343357001188 0.66217842583 
0.103842842943 0.0128961932353 -0.340016006647 0.661945404549 
0.0947610366037 0.00896918950862 -0.336847484378 0.661671275518 
0.107862137494 0.0058487982765 -0.3304992424 0.660830294088 
0.0972092342863 0.0017560452263 -0.327510954485 0.660576194903 
0.100225660831 -0.00459539353 -0.321526769166 0.659832992839 
0.0982628541849 -0.00764647565905 -0.316496285762 0.659187783105 
0.0982022466947 -0.00737516722556 -0.314121589467 0.658956162335 
0.102448845288 -0.0122300168892 -0.311652640439 0.658637327435 
0.0967623286742 -0.0137131078839 -0.308844027043 0.658266287328 
0.103798408619 -0.0206775690177 -0.302930623534 0.657577827757 
0.0969001637511 -0.021877073584 -0.299959184634 0.657007470554 
0.103672855901 -0.0237461222554 -0.29697342642 0.656488551494 
0.0937572275154 -0.0281066162118 -0.294041179893 0.655831537722 
0.103902547692 -0.0331405363128 -0.290992685411 0.655294569302 
0.0964286222757 -0.0365521673906 -0.285155280287 0.654187169748 
0.102758720013 -0.040651899684 -0.282401153277 0.65364646559 
0.0973233429802 -0.0428111018517 -0.279939490992 0.653320023543 
0.102804980405 -0.044281966135 -0.277599505758 0.652872315576 
0.0990081690991 -0.0471167471089 -0.272173676854 0.651648254052 
0.10372321389 -0.0492898823122 -0.269649648456 0.650910684023 
0.0976675371037 -0.0507073277531 -0.266988727202 0.650276384555 
0.103807045606 -0.0545534467883 -0.262006248038 0.649193125729 
0.0970005655968 -0.057823554762 -0.259481543011 0.648960768919 
0.102416814967 -0.0617023301433 -0.256824994721 0.648572130496 
0.0952826132802 -0.0612165679156 -0.254081971127 0.648086079418 
0.0961627331459 -0.0662904793602 -0.248661160786 0.647137815154 
0.0989229265352 -0.0707096811188 -0.245845340982 0.646665111862 
0.103271575452 -0.0715421579569 -0.243108981769 0.64618909479 
0.0970338279807 -0.0734237498653 -0.240125241692 0.645657064423 
0.102997921652 -0.0769441151366 -0.237360141946 0.644982382247 
0.0964622350971 -0.0806253049952 -0.232303214924 0.643825910918 
0.103751204345 -0.0834178014528 -0.229766835692 0.6431054083 
0.093028728714 -0.0858216287055 -0.227165765742 0.642448114423 
0.105088256391 -0.0904583133092 -0.222101604341 0.641458823445 
0.09576888576 -0.091110016093 -0.219479661261 0.640945831098 
0.102629975603 -0.0944453240311 -0.216987849997 0.640277314257 
0.0959513329537 -0.0970594213531 -0.214382774782 0.63959109182 
0.103488645772 -0.101364281356 -0.208878107612 0.638201269155 
0.0966788744886 -0.104266704116 -0.205970146101 0.637392217625 
0.104709032624 -0.106636633851 -0.203171187904 0.636535463697 
0.0988845367691 -0.108004240109 -0.200359891596 0.63563534865 
0.105172903978 -0.114642729991 -0.194899850167 0.633872732105 
0.0987726098936 -0.116306333089 -0.192130808941 0.632912329915 
0.105592215771 -0.118443293377 -0.189352030568 0.632159219305 
0.0993458263024 -0.121134694814 -0.186644684817 0.631597751193 
0.0968063888362 -0.124397893696 -0.181590443165 0.63056547068 
0.100154520708 -0.127840790937 -0.179163758151 0.630054807873 
0.104623798929 -0.130444414223 -0.177499388534 0.629742465548 
0.0942979686411 -0.133317309784 -0.174844799437 0.629268501798 
0.101500075138 -0.134591494562 -0.172241132385 0.628614003679 
0.095852034315 -0.141753224184 -0.166860811371 0.627536405701 
0.102776349548 -0.142948108204 -0.164214081624 0.62697878266 
0.0949473034123 -0.144590520752 -0.16116746076 0.626192877199 
0.102523909229 -0.151917034909 -0.154737544648 0.624116937595 
0.0947438497322 -0.152258017181 -0.151988051709 0.623087165339 
0.103063662173 -0.15622013342 -0.149163413979 0.62218522221 
0.095445986977 -0.159979854216 -0.146483917573 0.621384792306 
0.104588939917 -0.159216664861 -0.143802143915 0.620562084646 
0.0993166109629 -0.164125120007 -0.139004782974 0.618984897554 
0.104381750495 -0.164571284805 -0.136564593927 0.618069087401 
0.0972761312378 -0.168767195428 -0.134016629608 0.617167901284 
0.105983436005 -0.170913156797 -0.131385951035 0.616275104755 
0.0955915459455 -0.175303103475 -0.126212323895 0.614307293113 
0.104504512787 -0.17747659808 -0.123527154895 0.613441017752 
0.0954086864455 -0.177179864118 -0.121519896626 0.612854347133 
0.0959977139143 -0.181599943104 -0.116417796215 0.610890507362 
0.0991829603462 -0.185134564541 -0.113544521288 0.60964147849 
0.106021809721 -0.1866998296 -0.111241391192 0.608665049123 
0.0971050002341 -0.189332671877 -0.108561769632 0.607647869139 
0.104375037488 -0.192392478711 -0.105830171507 0.606619125437 
0.0968017875417 -0.198828599696 -0.100562543745 0.604846931027 
0.105712192758 -0.198185696763 -0.098090787358 0.604013789534 
0.0934998514196 -0.200935534434 -0.0958522373494 0.603257384604 
0.105097182642 -0.20458444667 -0.0928806941399 0.602276100331 
0.0955670654929 -0.20855796084 -0.0886111234128 0.600664601656 
0.101603706234 -0.210968395894 -0.0861589315109 0.599835710601 
0.0948464589997 -0.212391675846 -0.0834231573312 0.59877681189 
0.10067997435 -0.215315021044 -0.0802570148162 0.597679102659 
0.0945677286239 -0.219601876629 -0.0754232187629 0.595981714685 
0.102588763228 -0.221475592271 -0.0728511542037 0.594997899373 
0.10220338795 -0.226853817738 -0.067212113223 0.593050054487 
0.0953225207572 -0.231427232538 -0.0618349182479 0.590759471573 
0.105877820664 -0.235738866273 -0.0596894595376 0.589759863938 
0.0957941426922 -0.235867218549 -0.0572984495036 0.588809418984 
0.0979988174639 -0.242588628082 -0.0528458988032 0.586967922258 
0.0991525986175 -0.24320263722 -0.0504428377009 0.585984626873 
0.105593188013 -0.245671372236 -0.0479238014613 0.585031604938 
0.0962339520588 -0.248800440585 -0.0455624479658 0.584068355117 
0.104693837174 -0.252483167481 -0.0428852236359 0.58278613303 
0.0970661500198 -0.25437630935 -0.0372950822859 0.580115774187 
0.106275291804 -0.256600391631 -0.0346850489731 0.578735207254 
0.0982796257575 -0.258443332462 -0.0319259445316 0.577287935103 
0.104879127265 -0.259823164094 -0.0292471179874 0.576266630647 
0.0948286692495 -0.266663082483 -0.0243970760279 0.574480421084 
0.103282621293 -0.268641988846 -0.0221237674114 0.573585455973 
0.0947166691533 -0.270369684543 -0.020031243724 0.572686108474 
0.103692891847 -0.270770640812 -0.0176948647236 0.57169556954 
0.0969338654237 -0.276928848369 -0.0131866303115 0.569894435558 
0.104483685316 -0.278692465484 -0.010704952548 0.568934422969 
0.097630911748 -0.281584154314 -0.00796207225392 0.567687546225 
0.102666289455 -0.284906100446 -0.00551091688439 0.566537623898 
0.0955602620698 -0.287299168476 -0.00121443689355 0.56452861922 
0.103664650058 -0.291245901166 0.000963376436142 0.563373670903 
0.095003210887 -0.290483365095 0.00336828967359 0.562089496933 
0.0961137179031 -0.298546490012 0.00885745154937 0.559778266404 
0.0997721949988 -0.301474010379 0.0116564105012 0.558500732471 
0.103828336309 -0.302621335814 0.0144446983718 0.557103808098 
0.0983427745458 -0.306565359556 0.0172637388909 0.555722610764 
0.105529264547 -0.311342762958 0.0198189721075 0.55448862275 
0.0966658986569 -0.313495655073 0.0247897201124 0.551883251018 
0.10555283409 -0.315679786863 0.0269544364555 0.550758477452 
0.0932276921636 -0.320109892167 0.0292804155463 0.549541183327 
0.10424340517 -0.322319906817 0.0315470704681 0.548350591675 
0.096014410268 -0.324755429695 0.0360293135041 0.545773153616 
0.101298647866 -0.328491291447 0.0382851569131 0.54456348778 
0.0970124025518 -0.332607166185 0.0409677241303 0.543517015488 
0.103116808852 -0.33625146879 0.0434638875725 0.542485176148 
0.0963465070111 -0.340156945976 0.0487850239542 0.540255588165 
0.103632882269 -0.34327901997 0.0512778482904 0.539111271839 
0.098027171699 -0.347638047947 0.0539658310482 0.537879113711 
0.105497364874 -0.349370523892 0.0564419838897 0.53684105587 
0.0932465399336 -0.353769419996 0.0612807430907 0.534485538602 
0.104008472292 -0.355749813784 0.0637037635361 0.533167585576 
0.0958926477026 -0.358674956404 0.0661221650138 0.531801180684 
0.0973006891974 -0.36140088387 0.0705009613995 0.529210206828 
0.100027674391 -0.364294874794 0.072763102429 0.527795446416 
0.105574482198 -0.36661325295 0.0747986777654 0.526616084886 
0.0984827196385 -0.369047124502 0.0771463549233 0.525354918578 
0.102878589502 -0.370956901192 0.0796278894539 0.524088184032 
0.0958058519956 -0.374472958581 0.0841171141893 0.521275147745 
0.0984185967602 -0.379230701447 0.0891120662629 0.518237724993 
0.103382823606 -0.381100858808 0.0917286822217 0.516581719181 
0.0962189038964 -0.386200435367 0.0966405072296 0.513387646319 
0.103916712471 -0.386669031729 0.0988890759838 0.512108182422 
0.0974202880911 -0.390475739728 0.101130358315 0.510809859953 
0.105083023835 -0.392156876635 0.103401130596 0.509401309624 
0.0968402554551 -0.393547629175 0.105611436183 0.507973016213 
0.103879726257 -0.399406076024 0.109847266912 0.505071422406 
0.0976078297895 -0.401970683731 0.112111296479 0.503655956637 
0.1056854301 -0.405230541752 0.114449028313 0.502219276953 
0.0977396582966 -0.406155472663 0.116761302029 0.500677052892 
0.102595256016 -0.41058326503 0.121578423885 0.497986030725 
0.0951017913683 -0.4122725536 0.123988942569 0.496550936513 
0.0997130508883 -0.434709150137 0.133373399706 0.491372023294 
0.0997130508883 -0.434709150137 0.133373399706 0.491372023294 
0.105236082107 -0.423785193815 0.134042726218 0.490223346067 
0.0980070742877 -0.425399203616 0.136443091777 0.488859675483 
0.105773923576 -0.427050667913 0.138756009711 0.487436125011 
0.0968984663627 -0.42886931893 0.141139138987 0.48595880363 
0.10437192345 -0.434969497422 0.145638813052 0.483135124427 
0.0949141869354 -0.437291030178 0.148039976471 0.481797581603 
0.103533033278 -0.438964778711 0.150073186644 0.480372137889 
0.0964887282848 -0.442016514158 0.152039567751 0.479015613837 
0.100849015133 -0.445279154796 0.15647876691 0.475888449167 
0.093289637802 -0.449161496905 0.158641070625 0.47438287031 
0.102646585846 -0.451197127745 0.160894733605 0.472770377324 
0.0974870576264 -0.454465995137 0.163419703198 0.471194893202 
0.105066420774 -0.458612801426 0.168116487624 0.46802842566 
0.0988945115289 -0.46199232616 0.170519000573 0.466140197159 
0.105292489177 -0.464078814252 0.173182442323 0.464175617172 
0.0966052242497 -0.467188989681 0.178078395649 0.460329950257 
0.105336407909 -0.46995195031 0.180479688751 0.458630312465 
0.0966947170164 -0.472961773739 0.182441578235 0.457110596536 
0.0979500866785 -0.474984970913 0.184523995517 0.455751694072 
0.0980105804074 -0.476436343944 0.186284503606 0.454546415363 
0.105514916771 -0.481047426852 0.190211562994 0.451926498556 
0.0964561454979 -0.482515450717 0.192125599959 0.450596223226 
0.104175364995 -0.484429272945 0.194110198826 0.449233709022 
0.0941951225772 -0.487637218134 0.196267143265 0.447700514794 
0.103463719276 -0.492386075147 0.200786447879 0.444539339595 
0.0908209404244 -0.495985706109 0.203034886575 0.442844692984 
0.102436970993 -0.497575237706 0.20531443285 0.441185288656 
0.0952380732821 -0.500390821884 0.207486001958 0.439456809847 
0.103400723573 -0.504445558607 0.211917573451 0.435948710968 
0.0949771199512 -0.508672295493 0.214237798253 0.434238690757 
0.104434216791 -0.510388794183 0.216425763024 0.432632965755 
0.101426419775 -0.511499733093 0.218506304859 0.430982575219 
0.104191578669 -0.517495344985 0.222649260795 0.42778294645 
0.0967986525594 -0.520196968005 0.224909919487 0.426105525194 
0.10063175675 -0.52282848542 0.227166646876 0.424369975131 
0.105094777109 -0.525704168642 0.229294101321 0.422635823209 
0.109351914352 -0.530829517854 0.233515383257 0.419089260804 
0.0991780417501 -0.533646756254 0.23589001417 0.417183584341 
0.102786043915 -0.535569286535 0.238124792062 0.415118274506 
0.0949325007244 -0.539298760219 0.24058350822 0.412966151414 
0.106269181362 -0.544777339547 0.245427918424 0.409118026748 
0.0945060609609 -0.547387727968 0.247973491379 0.407317437807 
0.101885923739 -0.550472153274 0.25025643946 0.405658822714 
0.0952269561071 -0.553026494332 0.252336938799 0.403935499268 
0.103495026116 -0.558686342683 0.25668354475 0.40094169374 
0.0962727846211 -0.560853953263 0.258752024605 0.399395104497 
0.101840998977 -0.563378096278 0.26073590193 0.397787587595 
0.0937715064397 -0.564902603674 0.262747948636 0.39623513235 
0.101903052819 -0.569085650089 0.266809800798 0.39281027634 
0.0948145893299 -0.573286914873 0.268976740866 0.390895641938 
0.101849247117 -0.573897850791 0.270882900402 0.389011965792 
0.0977781490471 -0.577454842365 0.272942925782 0.387051716854 
0.1039053423 -0.582349017388 0.277667025713 0.382921051864 
0.0962918129061 -0.584678346564 0.279837777917 0.38095355891 
0.105676841128 -0.585525559845 0.28196068902 0.378857185494 
0.0986330305785 -0.588671156001 0.283920222215 0.376823573678 
0.104068139315 -0.592171556134 0.288105792116 0.372815760418 
0.0955591037667 -0.594652317287 0.289632685633 0.371334778428 
0.0970952723358 -0.597170393174 0.291613642498 0.369334943508 
0.101842948328 -0.599469173988 0.293196384661 0.367600511396 
0.103127024272 -0.602358381395 0.296860641422 0.364494243839 
0.0997098757963 -0.609576813911 0.302635590136 0.358808804067 
0.102035836951 -0.614726641076 0.306541122136 0.354969334417 
0.0939636502252 -0.617519709423 0.309246775056 0.352338368646 
0.105967727677 -0.619995844099 0.310907111238 0.350601623067 
0.0967932507848 -0.623631066921 0.313214566201 0.348160898312 
0.103479101905 -0.627948970072 0.317641223114 0.344087726591 
0.0972979208517 -0.629636481318 0.319641854238 0.34225412527 
0.104879345993 -0.633636285259 0.321656684047 0.340227781872 
0.0970584093953 -0.63441945249 0.323713820309 0.338252216916 
0.103008763934 -0.639130596707 0.327448184359 0.334862678912 
0.0963632931612 -0.641341982794 0.329022395477 0.333298688429 
0.101963092457 -0.642695211897 0.330956652098 0.331457448777 
0.0969174585132 -0.646379143098 0.33297870698 0.329541215082 
0.104531216912 -0.651639049012 0.337211431085 0.325513545235 
0.095629210036 -0.653940201855 0.339090940289 0.323434245546 
0.0987443445945 -0.657061732562 0.340997575012 0.321396662839 
0.0988609264869 -0.658972919463 0.343102419406 0.319140823812 
0.104801433743 -0.664834478763 0.347007929515 0.314720938021 
0.0978444622699 -0.666704265989 0.349136577666 0.312466425063 
0.105755252784 -0.669909852425 0.350987794289 0.310483492599 
0.0954089111573 -0.67203798247 0.35292783774 0.308628764686 
0.108297152113 -0.677133413443 0.356349477534 0.304747329215 
0.0932931089831 -0.679252036094 0.3581111469 0.302665891552 
0.104431541579 -0.680231613789 0.359892650643 0.30059876132 
0.0945422613295 -0.682992672061 0.361673948085 0.298760746887 
0.100660930202 -0.687393660998 0.36510225628 0.295047975449 
0.0951448041553 -0.689233337114 0.366752945833 0.293153979903 
0.101999869797 -0.690206211782 0.368546625948 0.291021669671 
0.0981990459852 -0.693586010801 0.370191043605 0.289194828299 
0.105154808427 -0.69649738567 0.373797187127 0.285460808657 
0.0940633725205 -0.69939900725 0.3758245426 0.283345983758 
0.105581312832 -0.701404859352 0.377611606072 0.28125567082 
0.0933204508471 -0.704690369297 0.379546647048 0.279104990531 
0.105217372802 -0.709845141882 0.383294733217 0.275102410335 
0.0953963325936 -0.712977455352 0.385241622111 0.272677370689 
0.0965884524699 -0.714200598043 0.386485212185 0.271210529137 
0.100898759235 -0.718319849035 0.3881646934 0.269307147341 
0.104267702347 -0.72366052682 0.391610403917 0.26531690101 
0.0996416892433 -0.725599891131 0.393188089111 0.263383693777 
0.105433270739 -0.726929037183 0.39493975895 0.261386091496 
0.0965188043355 -0.730131607361 0.396538073895 0.2593147817 
0.102095869679 -0.735741701509 0.400825926762 0.254296523091 
0.0935699088041 -0.738372211019 0.402766344106 0.251902348338 
0.104266847656 -0.740886511355 0.404764080296 0.249550855062 
0.0976339769802 -0.744270699096 0.406297046744 0.247372917685 
0.103342182587 -0.749302293527 0.409772098378 0.242837698601 
0.0974288150631 -0.751233354371 0.411317949795 0.240694869484 
0.104741130783 -0.755076530343 0.413023599683 0.238590227342 
0.0976615741971 -0.757619670648 0.414600935392 0.236720384091 
0.100910758606 -0.765435564952 0.419817520843 0.230770621612 
0.106285822298 -0.764629563714 0.421474781767 0.228594079755 
0.0978371384962 -0.768511011604 0.423347546289 0.226683301364 
0.104723044584 -0.773361004874 0.4269927796 0.222732742646 
0.0951452696115 -0.774827123874 0.428749567902 0.220799343925 
0.0960729161375 -0.778024499715 0.430521188774 0.218521392898 
0.102103040018 -0.779489133441 0.432720672666 0.216151522098 
0.104132004021 -0.783063348475 0.43606931374 0.211318705976 
0.0982464674375 -0.78687223868 0.437794579699 0.208896047464 
0.103025155782 -0.788197318874 0.439509429496 0.206483425407 
0.0961421202233 -0.792206995528 0.441355310678 0.204083055028 
0.103988897304 -0.796375969863 0.444414407483 0.19982616976 
0.0967499301148 -0.797120510446 0.445703104635 0.197818399154 
0.103359371644 -0.799874552523 0.447126742274 0.195701045161 
0.0962805582589 -0.801411111692 0.448775547214 0.193440766469 
0.103304922242 -0.805727937579 0.451737491855 0.188815629868 
0.0991814904755 -0.808372299371 0.4532108135 0.186546777435 
0.103387190038 -0.809470694355 0.454837485009 0.184294037443 
0.0962743498519 -0.813260326495 0.456344716142 0.18206766868 
0.104846000804 -0.817558053473 0.459598061513 0.177062129364 
0.0967439682427 -0.819451153924 0.461135689665 0.174591894402 
0.103943765612 -0.823741402272 0.46269744389 0.17228521959 
0.097686350972 -0.824457255757 0.464169725329 0.170085534311 
0.104985528185 -0.82955293245 0.467245323007 0.165351618173 
0.0981122398845 -0.832033399918 0.468708766316 0.162798954952 
0.099278930136 -0.83399671659 0.469890905948 0.160916416106 
0.106692702336 -0.83687224707 0.471244815751 0.158532145814 
0.105464990894 -0.840564738795 0.474052986538 0.154735674124 
0.0974432083477 -0.841954043833 0.475642521502 0.152458478499 
0.103111646145 -0.845512406639 0.477277260721 0.149945364901 
0.0925688503207 -0.846880478566 0.478916277658 0.147488798911 
0.101411639982 -0.851863893484 0.482103807363 0.14279872017 
0.0922290454511 -0.854868412946 0.483664297133 0.140410772455 
0.103598073438 -0.85675314324 0.485410823845 0.137904616646 
0.097082608475 -0.86086245731 0.48700636591 0.135472718048 
0.102968635222 -0.866435062353 0.489789494064 0.130836313892 
0.0963973121916 -0.866026612614 0.491075721499 0.128601420696 
0.103962536336 -0.868418467984 0.492558313483 0.126453808546 
0.102407455682 -0.872583942983 0.493874767994 0.124209435271 
0.100320850087 -0.87649055771 0.496265150748 0.119906429403 
0.0951040062815 -0.877669604227 0.497795187792 0.117667538461 
0.101583895842 -0.881482985916 0.499404992188 0.115390991178 
0.094938440267 -0.882590313597 0.500857358713 0.112917773645 
0.103368499296 -0.8881400564 0.503674225504 0.107795058506 
0.0969501830242 -0.890905827685 0.505077426061 0.105194824556 
0.0972094041689 -0.891953399212 0.50650218623 0.102775967271 
0.100037539129 -0.895110285958 0.507993146004 0.100349983139 
0.100066744805 -0.914654539999 0.520131011837 0.0787661233381 
0.10267743794 -0.917381318009 0.522684599201 0.0743655446352 
0.0963434572792 -0.920771510288 0.52385457491 0.0722250723271 
0.100533274802 -0.922448844978 0.525153241566 0.0699287396331 
0.0955888121558 -0.92486376594 0.526613036021 0.0673348307375 
0.102017708402 -0.930967029312 0.529676655654 0.0618503354063 
0.0919334472773 -0.937231236175 0.531040137737 0.0591817590807 
0.10542047366 -0.937944270114 0.532485838231 0.0564925729596 
0.09660290088 -0.941670882041 0.533871281616 0.0537936017126 
0.105261608626 -0.947646907415 0.536386453892 0.0490182199052 
0.0959774786667 -0.948231109341 0.53769930229 0.0464753361406 
0.0990952529824 -0.952180905739 0.538921127266 0.0439239974137 
0.101819685769 -0.954380475093 0.540030406181 0.0416544047753 
0.106071529404 -0.955735956159 0.541105613629 0.0392973854525 
0.0973576905954 -0.961893438432 0.543350931431 0.0347381388243 
0.105803409697 -0.963890744311 0.544713002272 0.0323157412182 
0.0914569895503 -0.967383333896 0.546090049362 0.0296913049724 
0.106991747911 -0.972734544717 0.548819878688 0.0244591394963 
0.0942900270631 -0.975856540219 0.550124214709 0.0218432055692 
0.104034428625 -0.977912106262 0.551469849954 0.0192970497294 
0.0939647145836 -0.981388595951 0.552780058151 0.0170288773636 
0.10129935619 -0.984781966042 0.55543989743 0.0126646153764 
0.100696664781 -0.988694797135 0.557695633574 0.0078467464548 
0.0966907123447 -0.992494581911 0.558826178986 0.00544727636434 
0.104813268466 -0.997011512111 0.560979677501 0.000583136947842 
0.0962122219867 -0.998379109219 0.562075290824 -0.00191090433228 
0.104017000417 -1.00164216306 0.563225048584 -0.00436829386348 
0.0961655316104 -1.00262613708 0.564463035479 -0.00701165703268 
0.102186776862 -1.00621922331 0.565521105874 -0.00937445842741 
0.0950468341577 -1.01050134464 0.56746297016 -0.0142973119478 
0.0956436185261 -1.01040411511 0.568606858133 -0.0169720395556 
0.101060938807 -1.01455357783 0.569699981461 -0.0197528692275 
0.107136169212 -1.01642803624 0.570852140822 -0.0226729899756 
0.093087230013 -1.02096159403 0.573019700987 -0.0281369506641 
0.106472568597 -1.02267958897 0.574161838793 -0.0307489169043 
0.0973199609171 -1.02479831886 0.575089457423 -0.0334178575327 
0.103398391459 -1.02846263302 0.576021217388 -0.0360362421363 
0.0954618414042 -1.03399004683 0.577860992177 -0.0408166813801 
0.101347876245 -1.03538700495 0.578905913 -0.0431865226905 
0.0949579233237 -1.03763416406 0.579823197172 -0.0453752683926 
0.102864450459 -1.03912251415 0.58087390942 -0.047869308565 
0.0956837738923 -1.04330024971 0.582698924471 -0.0532388446816 
0.104721223848 -1.04739942612 0.583650083273 -0.0560329325418 
0.0953540040169 -1.04812413227 0.584695061497 -0.0587448009723 
0.108745811212 -1.05100942321 0.585710948447 -0.0613831036097 
0.0947566071301 -1.05708478395 0.58814415475 -0.0669630082534 
0.105673857382 -1.05798712886 0.589353606054 -0.0698837195062 
0.0971495056403 -1.06115783362 0.590518844921 -0.0726438116056 
0.0965718356827 -1.10588333068 0.599931952463 -0.0933960162076 
0.0965718356827 -1.10588333068 0.599931952463 -0.0933960162076 
0.0965718356827 -1.10588333068 0.599931952463 -0.0933960162076 
0.105902005316 -1.0913688837 0.59828514349 -0.0912157627775 
0.105902005316 -1.0913688837 0.59828514349 -0.0912157627775 
0.0939409906725 -1.07909456119 0.597496258367 -0.0916441366895 
0.101617604058 -1.08219431066 0.598461765667 -0.0941813262809 
0.0956812787802 -1.08488261274 0.599428856814 -0.0969256486542 
0.104286550142 -1.11127910454 0.607762751324 -0.116680544549 
0.104286550142 -1.11127910454 0.607762751324 -0.116680544549 
0.104286550142 -1.11127910454 0.607762751324 -0.116680544549 
0.097159099994 -1.09718906734 0.604167827183 -0.110846033798 
0.105858876443 -1.09969605598 0.605020900814 -0.113817946433 
0.099577783646 -1.1052310002 0.606711844205 -0.119394930694 
0.104214019722 -1.10690484865 0.607742667989 -0.121977713925 
0.0945560489238 -1.13029543389 0.615158769788 -0.140482951816 
0.0945560489238 -1.13029543389 0.615158769788 -0.140482951816 
0.0945560489238 -1.13029543389 0.615158769788 -0.140482951816 
0.0995782695901 -1.11626195693 0.611370790138 -0.133763227487 
0.0983419563675 -1.11843059592 0.612143940337 -0.136199026143 
0.10287014621 -1.12105856367 0.612959866947 -0.138530046376 
0.0968998503536 -1.12537248123 0.614369058734 -0.143170153348 
0.102973648429 -1.14115171817 0.619363022734 -0.157172229734 
0.102973648429 -1.14115171817 0.619363022734 -0.157172229734 
0.0989270108848 -1.1383347243 0.618150385139 -0.155535575428 
0.108455856548 -1.14074667781 0.619121568619 -0.158514159835 
0.098265482381 -1.14366563245 0.620058716516 -0.161278280336 
0.107822644244 -1.14600784297 0.620889710963 -0.163995506368 
0.0989208649349 -1.18048096562 0.629903949547 -0.190233024824 
0.0989208649349 -1.18048096562 0.629903949547 -0.190233024824 
0.0989208649349 -1.18048096562 0.629903949547 -0.190233024824 
0.0989208649349 -1.18048096562 0.629903949547 -0.190233024824 
0.0941381586391 -1.16276471786 0.62556527545 -0.181841651541 
0.100117747886 -1.16495277856 0.626174770343 -0.184408555062 
0.0933189165707 -1.16806509647 0.626735893744 -0.187088922313 
0.0903269598066 -1.20378201783 0.636298198657 -0.215300113344 
0.0903269598066 -1.20378201783 0.636298198657 -0.215300113344 
0.0903269598066 -1.20378201783 0.636298198657 -0.215300113344 
0.0903269598066 -1.20378201783 0.636298198657 -0.215300113344 
0.111210590577 -1.18624449778 0.631491347016 -0.204023482377 
0.0981692415466 -1.19001680429 0.632928777211 -0.209760381207 
0.100401401392 -1.19106754071 0.633698408283 -0.212306958491 
0.102492141938 -1.22431351006 0.642684601563 -0.239080751041 
0.102492141938 -1.22431351006 0.642684601563 -0.239080751041 
0.102492141938 -1.22431351006 0.642684601563 -0.239080751041 
0.102492141938 -1.22431351006 0.642684601563 -0.239080751041 
0.0965380162458 -1.20579932048 0.637852369283 -0.227615867944 
0.104538451974 -1.2086305357 0.638409649411 -0.230297635497 
0.0956215154832 -1.21304139684 0.639701673389 -0.23607093239 
0.0944060267404 -1.24360235848 0.647267787304 -0.263723751277 
0.0944060267404 -1.24360235848 0.647267787304 -0.263723751277 
0.0944060267404 -1.24360235848 0.647267787304 -0.263723751277 
0.0944060267404 -1.24360235848 0.647267787304 -0.263723751277 
0.096218161224 -1.22599978756 0.642791185825 -0.252380631812 
0.0994259137895 -1.22928766071 0.643202668737 -0.255003895495 
0.102705899449 -1.23054743641 0.643584779193 -0.257603889937 
0.0961531819513 -1.23434045293 0.644551924636 -0.262381909053 
0.101001158396 -1.16701127735 0.657252098356 -0.30498764112 
0.101001158396 -1.16701127735 0.657252098356 -0.30498764112 
0.101001158396 -1.16701127735 0.657252098356 -0.30498764112 
0.101001158396 -1.16701127735 0.657252098356 -0.30498764112 
0.101001158396 -1.16701127735 0.657252098356 -0.30498764112 
0.101001158396 -1.16701127735 0.657252098356 -0.30498764112 
0.108715386326 -1.25689811197 0.649557032391 -0.284743029176 
0.10078359789 -1.25440536299 0.651019178351 -0.290751635055 
0.108244919327 -1.25336795241 0.651894944864 -0.293676625726 
0.0964381507912 -1.16147097117 0.66569007493 -0.32603252251 
0.0964381507912 -1.16147097117 0.66569007493 -0.32603252251 
0.0964381507912 -1.16147097117 0.66569007493 -0.32603252251 
0.0964381507912 -1.16147097117 0.66569007493 -0.32603252251 
0.0964381507912 -1.16147097117 0.66569007493 -0.32603252251 
0.103157221962 -1.22797290246 0.659450130718 -0.308334406477 
0.0955485489736 -1.22236863328 0.660779464289 -0.310173149378 
0.100493620505 -1.21403903275 0.663220822147 -0.314136695324 
0.100959317903 -1.09140778948 0.683373239976 -0.352181554268 
0.100959317903 -1.09140778948 0.683373239976 -0.352181554268 
0.100959317903 -1.09140778948 0.683373239976 -0.352181554268 
0.100959317903 -1.09140778948 0.683373239976 -0.352181554268 
0.100959317903 -1.09140778948 0.683373239976 -0.352181554268 
0.100959317903 -1.09140778948 0.683373239976 -0.352181554268 
0.097305483815 -1.17188345991 0.674415433002 -0.331748021112 
0.0967749970211 -1.16469184448 0.676756244879 -0.334748984311 
0.102874681575 -1.16041353559 0.677987912844 -0.336405929968 
0.10034957422 -1.15807488115 0.679152168081 -0.337843561851 
0.0965286203787 -1.15027823951 0.681752023222 -0.340980941118 
0.102546367943 -1.14740183135 0.683129818814 -0.342654858592 
0.0932986584076 -1.14321015603 0.684596754573 -0.344368014881 
0.102748892061 -1.13833355698 0.68621243991 -0.346271316722 
0.0938942673507 -1.1256162199 0.689527182942 -0.350595287799 
0.10301403253 -1.11807696088 0.691108594673 -0.352905731511 
0.0950793504607 -1.11360039338 0.69285055997 -0.35502439674 
0.103727113613 -1.10742613941 0.694542546209 -0.356999239725 
0.0983317290728 -1.09918948829 0.697815525754 -0.361097621682 
0.105160217555 -1.09464874552 0.699562672883 -0.362996502986 
0.093514516467 -1.09011254848 0.70109603337 -0.364785895958 
0.107066784627 -1.08679087086 0.702562035932 -0.366519459737 
0.0941440574292 -1.08301695807 0.703941351352 -0.368188152141 
0.104783356494 -1.07422373148 0.706789047931 -0.371744857221 
0.0971657606227 -1.06874319277 0.70841205705 -0.373658655417 
0.0996520211645 -1.06425843227 0.71007191124 -0.375664112495 
0.0998156870195 -1.05061597704 0.71485951847 -0.38112531757 
0.102668311412 -1.04698238113 0.716467181947 -0.382906572222 
0.108481894258 -1.04298760909 0.718112259307 -0.384747667492 
0.096195106993 -1.03392153594 0.721493828496 -0.38817357972 
0.109236803426 -1.03599722055 0.722789665458 -0.38918148109 
0.0981964521572 -1.0306158455 0.724419437929 -0.390740302148 
0.104338855088 -1.02701496543 0.725797582318 -0.392299731181 
0.0960632207119 -1.02319538515 0.727274549154 -0.393805047289 
0.102981454169 -1.01321504237 0.730304229886 -0.396579874805 
0.0974634096538 -1.01093185876 0.731590912807 -0.397736421764 
0.106930016668 -1.0064343525 0.733252295714 -0.399125906401 
0.100330664903 -0.999103758238 0.735020424401 -0.400796894355 
0.10601043888 -0.988702968537 0.739059071552 -0.404743339873 
0.100620975203 -0.982118927858 0.741169020313 -0.406655454805 
0.106705943571 -0.975778921851 0.743443727942 -0.408580196107 
0.0974865779177 -0.970539730931 0.745451229974 -0.410367581597 
0.10156423153 -0.961073458067 0.749225472569 -0.413972533355 
0.0931416430609 -0.95679423277 0.75110925096 -0.415772204831 
0.0987328424557 -0.951686504556 0.752752421051 -0.417498914061 
0.093513023467 -0.945997079188 0.754428533341 -0.419176189391 
0.0965387248055 -0.937866313351 0.757821954441 -0.422414711202 
0.0983423289606 -0.934197469193 0.759552486196 -0.423877364862 
0.0950044220142 -0.908682069689 0.766525971309 -0.431323361987 
0.0950044220142 -0.908682069689 0.766525971309 -0.431323361987 
0.105965470664 -0.916357229275 0.766238269501 -0.429688861543 
0.0932774888536 -0.910446798646 0.768059738262 -0.431429281169 
0.103755736649 -0.906135184974 0.770109136166 -0.433262628216 
0.0950215281768 -0.900915149501 0.772147418051 -0.435118002948 
0.100482182044 -0.891904353044 0.776014620811 -0.438291743623 
0.0937075359202 -0.888786255391 0.777702892564 -0.439722351495 
0.100071647898 -0.883601202817 0.779464630102 -0.441110163234 
0.0966082999674 -0.879884385036 0.781233823699 -0.44259426858 
0.105252730295 -0.872307768101 0.784599582939 -0.445431253177 
0.0960468294528 -0.867468402591 0.786155378985 -0.446676783221 
0.107492346749 -0.863875417004 0.787852043071 -0.447969398572 
0.0983890270409 -0.859012767163 0.789615239887 -0.449498454601 
0.104954034135 -0.847730089935 0.793166467736 -0.452025686387 
0.0954662839505 -0.842953851356 0.79512488972 -0.453490340286 
0.101363646867 -0.835875392296 0.797457167061 -0.455170648609 
0.0954926032525 -0.832665170975 0.799409867435 -0.456704025704 
0.0973604502202 -0.82331258167 0.803387795355 -0.459807524807 
0.101668785705 -0.818112547252 0.805660388192 -0.461487630199 
0.106280705348 -0.81432705763 0.808039494951 -0.463055013471 
0.098761147202 -0.807803666137 0.81029375775 -0.464457334546 
0.105724870104 -0.797479707764 0.814326075034 -0.467112264408 
0.0969169917298 -0.794081255986 0.816304201069 -0.468350464704 
0.103633626269 -0.786702018492 0.818476708368 -0.469783863732 
0.0946503402711 -0.782251566926 0.820588925225 -0.471099179201 
0.101377109771 -0.7752895488 0.824253480961 -0.473625106082 
0.0967330980644 -0.770703128464 0.825929584386 -0.47490607368 
0.0991911331329 -0.761569346176 0.829480769917 -0.477256356028 
0.104995538013 -0.753861036078 0.833123846356 -0.479401789165 
0.0996577943175 -0.75012785239 0.835037544422 -0.480468452302 
0.100060420793 -0.744828192948 0.837110112329 -0.481626086419 
0.0950152126982 -0.740324263621 0.839343832732 -0.48292481723 
0.101184853481 -0.729408383491 0.844508543253 -0.485657634948 
0.0978901783273 -0.723012440475 0.846759979558 -0.486640270077 
0.101466147628 -0.718841502626 0.848858108076 -0.487718016284 
0.0963515722469 -0.715714528119 0.850608738468 -0.488887924296 
0.0973792125797 -0.706851614888 0.854215865207 -0.491084268518 
0.102394790274 -0.703877687387 0.856001643137 -0.492030120232 
0.104673811011 -0.700493869646 0.85817733562 -0.493253905018 
0.0969639470719 -0.693899716788 0.860313359877 -0.494240230668 
0.104322654313 -0.68637140347 0.864822831696 -0.496329406707 
0.0962415009892 -0.684952661773 0.866998374187 -0.497412993457 
0.100944309307 -0.677664110153 0.869084220762 -0.498513697719 
0.093907798943 -0.673547962996 0.871268226981 -0.499713631325 
0.0970945680024 -0.661698843695 0.877970528359 -0.503457727572 
0.10387632834 -0.656504252625 0.880414912856 -0.504677429578 
0.0983845614593 -0.651445473267 0.882825175755 -0.505802071167 
0.105578969884 -0.640853598707 0.887739541419 -0.508121922548 
0.0978356116562 -0.635193683201 0.889550167614 -0.509331453275 
0.10709937808 -0.629085102294 0.890880716052 -0.51029577076 
0.0967293957408 -0.624351768989 0.892604418553 -0.511220559877 
0.103494324012 -0.617812121711 0.896667759766 -0.513492802201 
0.0973047848464 -0.616820695799 0.898622982656 -0.514988279547 
0.103076764312 -0.614300529624 0.900897345658 -0.516544809294 
0.0950027734388 -0.614530893287 0.903146506787 -0.518095776147 
0.0993955603458 -0.61836806186 0.907781786003 -0.521272292618 
0.102297322702 -0.622295830305 0.909551122822 -0.522619241919 
0.106603289489 -0.624606202569 0.911426204474 -0.523989341799 
0.096268245867 -0.628428882085 0.913538842775 -0.525553438348 
0.108130756761 -0.633512407379 0.917861417157 -0.529388505824 
0.0989122739115 -0.634612396227 0.919902016869 -0.531276066509 
0.104037101832 -0.636573656031 0.921912729762 -0.532952832908 
0.0968438876297 -0.636954577638 0.92350444986 -0.534467430036 
0.0991446597425 -0.640255530089 0.926655928169 -0.537751474028 
0.0943373188865 -0.640062116425 0.928459878047 -0.539441941684 
0.100094672036 -0.643985340572 0.930390536758 -0.541265465294 
0.0949538689454 -0.646990781552 0.932319726075 -0.543186699544 
0.10174651189 -0.650617173406 0.935702534948 -0.547063615501 
0.0928184825069 -0.652379920338 0.937672643684 -0.549130655256 
0.104653417388 -0.658027752141 0.939990931505 -0.55139780608 
0.0971072303303 -0.657476191622 0.94211659627 -0.55384325926 
0.102639271505 -0.664519770041 0.946194585973 -0.558202064729 
0.0964991424072 -0.66560270973 0.948326487441 -0.560395541353 
0.102466932816 -0.668295335724 0.950112810173 -0.562720981246 
0.0969337575215 -0.670702622857 0.951854017046 -0.564919532645 
0.0996311713012 -0.675005332504 0.955154578744 -0.568839770054 
0.0996877623002 -0.680194020233 0.956926877794 -0.570647955147 
0.103916190984 -0.682545111979 0.958778793192 -0.572520863311 
0.0980899723855 -0.685824162749 0.960615897115 -0.574454060981 
0.105141255123 -0.690062028147 0.963761848122 -0.578035365434 
0.0960428439111 -0.691841990061 0.965468072822 -0.580005626329 
0.10289081957 -0.696579188682 0.967346522344 -0.582267156174 
0.096266536492 -0.697578716748 0.969814844817 -0.585324503236 
0.099830363322 -0.705634490658 0.97384738243 -0.589547514719 
0.0948989644625 -0.710469125706 0.975988129645 -0.591633650122 
0.104348155316 -0.712007159001 0.978327793914 -0.593807356903 
0.0982086493826 -0.716103759846 0.980434361097 -0.596083749647 
0.106627842832 -0.718646385011 0.984668244013 -0.600586185517 
0.0998152601916 -0.716264212787 0.986499856939 -0.602378537614 
0.108536559613 -0.717472228894 0.987676666094 -0.603514036983 
0.0970204260583 -0.717903148161 0.98862815039 -0.604598751026 
0.102320012785 -0.719021193513 0.991274350382 -0.60766124115 
0.0922212981125 -0.722579420335 0.993001745523 -0.609646136848 
0.0985400773874 -0.728546069751 0.99544138575 -0.612170826769 
0.0955434936482 -0.731479674136 0.997550015896 -0.614675217854 
0.0981877465688 -0.734331864366 1.001162792 -0.619435842976 
0.102903307732 -0.739743802042 1.00341390466 -0.62144170505 
0.107079329644 -0.7406513088 1.00560219975 -0.623934376239 
0.0985953978896 -0.741701858765 1.00759746753 -0.626735358598 
0.106931144886 -0.741890114768 1.01099332187 -0.630772006239 
0.0940015741199 -0.747204578637 1.01255009845 -0.632321069076 
0.102809568988 -0.746852585878 1.01413263014 -0.634147010154 
0.0989784305756 -0.756382281463 1.01899020904 -0.640195617361 
0.091186966214 -0.758680674434 1.02066049422 -0.642325467249 
0.101219095439 -0.762202584928 1.02232533005 -0.644390464426 
0.0967669105713 -0.765540492812 1.02380887351 -0.646562745787 
0.106664878639 -0.767038380479 1.02710928218 -0.650723844658 
0.0955916800739 -0.767095916325 1.02884467229 -0.65258189924 
0.107930159755 -0.767663018238 1.0305465487 -0.654467040483 
0.099176271005 -0.767095464373 1.03235872957 -0.656434768193 
0.104331311567 -0.769096804014 1.03614757217 -0.660626902675 
0.0978135496956 -0.770504101689 1.03811733477 -0.662535734027 
0.102169868991 -0.770517988404 1.03958377752 -0.664016836859 
0.0966000705052 -0.768580576569 1.04141534777 -0.665949642437 
0.101030430875 -0.770905450894 1.04482198532 -0.669741308333 
0.104929645722 -0.770767716097 1.04650373447 -0.671511470031 
0.105626908271 -0.768762188894 1.04811797169 -0.673364739178 
0.0975613609443 -0.769461884929 1.04973685403 -0.675171963302 
0.108339872781 -0.769025022114 1.05352756617 -0.679046320194 
0.0981943467113 -0.7642161339 1.05552941709 -0.680896574289 
0.103992716496 -0.761017382766 1.05736137293 -0.682478568035 
0.0935121827284 -0.757231534379 1.05917346708 -0.683655109045 
0.099458488456 -0.752117244054 1.06269276395 -0.686249817493 
0.0962557261748 -0.750845384233 1.06498866211 -0.688238890645 
0.103076527589 -0.746280840951 1.06717283628 -0.689969161305 
0.0971055410405 -0.741323240119 1.06942301341 -0.691322356035 
0.10376775752 -0.734241359879 1.07383271138 -0.694321381849 
