62.825704097 0.0 0.0
62.880535125 24.6672519834 0.0
62.922868967 47.8683222015 0.0225842246966
62.979571104 68.1532687243 0.0615542408922
63.025377035 84.100318954 0.0580904905088
63.079699039 94.8709857078 0.0822755360793
63.127222061 99.7433375637 0.110771217369
63.179502964 98.4143311045 0.211075198912
63.22541213 90.9651105564 0.214777676423
63.280227184 77.8597714116 0.315214502936
63.32238698 59.9172911572 0.280872611433
63.380072117 38.2456610157 0.298732479391
63.421573162 14.1986667549 0.27395100533
63.478047132 -10.7384967509 0.266384920345
63.524652958 -34.9958335617 0.209095618217
63.580705166 -57.0858772195 0.239824147516
63.626923084 -75.6318245132 0.120628454099
63.679003954 -89.4600608412 0.0360515674949
63.725279092 -97.7348426307 -0.0475445151563
63.787328005 -99.9324423435 -0.11157196259
63.822561979 -95.9134004164 -0.186676331202
63.87949419 -85.937748391 -0.267478071421
63.924628973 -70.6139373981 -0.253682088158
63.978604078 -50.9011492667 -0.311156448885
64.025474071 -28.0236999117 -0.254366690432
64.079702139 -3.40394202718 -0.308642878444
64.124045133 21.4269821348 -0.244963544861
64.176059961 44.9270619697 -0.307381041421
64.324733019 93.7715364906 -0.178278562078
64.379306078 99.4505432482 0.070498998416
64.422547102 98.9479386278 0.147580362574
64.478605032 92.2916419199 0.251512248133
64.525675058 79.9004821118 0.248146580586
64.577414989 62.5406950587 0.340182749761
64.626152038 41.2884294847 0.285983461986
64.678908109 17.4726906091 0.338870724471
64.725193977 -7.4368202563 0.253843786618
64.785032987 -31.8755705515 0.25852728847
64.824037075 -54.3491867463 0.175720170665
64.878410101 -73.4152153261 0.057199869656
64.921568155 -87.9302949793 -0.0381670823249
64.977775097 -96.9797975403 -0.108822661087
65.025757074 -99.9993678426 -0.136359366768
65.075984955 -96.8025462354 -0.238508170392
65.123887062 -87.5872542843 -0.233255501684
65.178873062 -72.9243889485 -0.320309733387
65.223176956 -53.7311683516 -0.283139694222
65.278861046 -31.1956244823 -0.303054876177
65.322000026 -6.71759134451 -0.295591898557
65.37966299 18.1758472224 -0.277272808939
65.423722982 41.9771722235 -0.234772216935
65.477930069 63.0943841923 -0.250324869883
65.522536039 80.3266547404 -0.113625149279
65.576825142 92.5668406917 0.000424357720554
65.623026132 99.0489267417 0.0723038618869
65.677747011 99.3737029092 0.180612997828
65.72447896 93.5058528407 0.204094462228
65.78533101 81.8496522958 0.292461059241
65.823104143 65.0630097096 0.308306673953
65.878376007 44.2866430443 0.308649605159
65.923144102 20.722138745 0.257046474727
65.97726202 -4.11601162446 0.284580478503
66.023879051 -28.7098599223 0.217940906618
66.076719045 -51.5136160563 0.252005403331
66.124614 -71.1170307332 0.18134114543
66.177222013 -86.2989090095 0.214141940696
66.22063303 -96.1157475145 0.0687249736628
66.278520107 -99.957501931 -0.0726316687229
66.319223165 -97.581347222 -0.145745437603
66.378247022 -89.1199075678 -0.22599339789
66.420888185 -75.1561903087 -0.272299139683
66.476752042 -56.4610083934 -0.300636277227
66.576655149 -9.98150105838 -0.296901927184
66.621772051 14.9001193269 -0.251229483797
66.676350116 38.9039632184 -0.307085731237
66.721143961 60.4958544527 -0.232726058681
66.821300029 91.2771496493 -0.174010894677
66.877757072 98.539158591 0.0640658066346
66.921941995 99.6895502453 0.138692286507
66.97392106 94.6302045686 0.239337125437
67.023265123 83.7140316513 0.239045090389
67.076434135 67.5762423087 0.343388269092
67.121345043 47.2397989163 0.270592280165
67.176381111 23.9206365575 0.338436659392
67.2209661 -0.797086046477 0.26895327932
67.276532173 -25.5563829894 0.27778569128
67.319183111 -48.6404981427 0.245229120166
67.376518011 -68.7801916658 0.239079687939
67.421437978 -84.5751055463 0.096419126933
67.473895073 -95.1609370767 -0.0665354610277
67.523005962 -99.8030560943 -0.118448171443
67.576011181 -98.2528234556 -0.205148402462
67.6228621 -90.5932614704 -0.211443877974
67.674278021 -77.3035194047 -0.337621745607
67.722601175 -59.2063483886 -0.262688524015
67.783343076 -37.4258389335 -0.308162482435
67.821464061 -13.2758211407 -0.305795561159
67.874850034 11.6979350698 -0.308980188485
67.921544075 35.8987813041 -0.22991601862
67.974400997 57.8801370228 -0.267179651513
68.021250009 76.2516188848 -0.12293749119
68.075639009 89.8723005227 -0.0175784993289
68.122991085 97.9181320544 0.0605724445957
68.171990156 99.8960876658 0.162914660158
68.219700098 95.663000248 0.17914710523
68.274692058 85.4578653383 0.312315272996
68.321211099 69.9858475781 0.260742842915
68.37580204 50.1005050532 0.317141574826
68.420323133 27.1715152517 0.265975770182
68.474164009 2.51914320985 0.295030508047
68.522327184 -22.3321311178 0.219076171785
68.575097084 -45.7165406786 0.26347279415
68.620742082 -66.2994074995 0.199617250504
68.674822092 -82.7589740554 0.219176198377
68.719037056 -94.0787323759 0.0789383657533
68.782305956 -99.5440429604 -0.0549833804602
68.819378137 -98.8098647681 -0.147591127698
68.874952078 -91.9409506886 -0.221367996918
68.916975975 -79.361735766 -0.235182900815
68.970911979 -61.8122193721 -0.312449861877
69.021072149 -40.4422322772 -0.261105634211
69.074478149 -16.558593238 -0.336040931731
69.121227979 8.31165355611 -0.263151587931
69.173606157 32.7510616135 -0.31492519652
69.220165014 55.0708865863 -0.230583581551
69.275164127 74.0385279383 -0.256354243386
69.318377018 88.3469756454 -0.107158717985
69.375102043 97.2015432385 0.0507668352724
69.419834137 99.9922789591 0.12824040833
69.471184969 96.5771069287 0.233292422604
69.521322012 87.1510752772 0.230899038063
69.570602178 72.2878451941 0.348046534584
69.621385097 52.9443972094 0.269471945872
69.671440124 30.3524884153 0.347031118373
69.719177007 5.83617177254 0.272188529779
69.780791044 -19.0489635255 0.264727078344
69.818762064 -42.7400399779 0.280914076051
69.87436819 -63.8117071553 0.250034195873
69.919628143 -80.850386708 0.117073475529
69.973262071 -92.8962556826 -0.00751697694042
70.020328998 -99.1671603936 -0.0802736069852
70.071419954 -99.2710830634 -0.173153776962
70.120455026 -93.1871453176 -0.19591785243
70.171216011 -81.3145928427 -0.317242898261
70.219431162 -64.3856157071 -0.277611450392
70.270171165 -43.4544449287 -0.34325437466
70.318242073 -19.8211278017 -0.284674714278
70.373363018 5.04516443662 -0.336661662822
70.418781995 29.5536879075 -0.278724485582
70.473458051 52.3090066749 -0.310538236335
70.517879009 71.7361272233 -0.23545759639
70.570821047 86.7653297665 -0.277193824688
70.670660972 99.9793290968 -0.0230749372057
70.719110965 97.3742318972 0.123630152021
70.782458067 88.7146680075 0.203660145337
70.818673134 74.5410437414 0.284992541916
70.872447967 55.7245448695 0.332236624519
70.917279005 33.4914423132 0.286490912836
70.968634128 9.09987712758 0.337124243671
71.018191099 -15.8193284651 0.264283767464
71.072370052 -39.7572656835 0.305308299332
71.117422104 -61.186433883 0.226789958424
71.168863058 -78.8818887727 0.278116887179
71.2144351 -91.6201021972 0.127393369821
71.270784139 -98.6917810271 -0.0278014324255
71.315155029 -99.6128429706 -0.0957950358895
71.373119116 -94.3391865593 -0.169314976013
71.417171955 -83.2257767199 -0.207093304475
71.46978712 -66.889217064 -0.303654906337
71.515951156 -46.4178567312 -0.273227951733
71.571053028 -23.0636984132 -0.349321144661
71.616319179 1.72714059467 -0.264397143022
71.671739101 26.3836849156 -0.320919542254
71.71834898 49.4232990266 -0.238733810058
71.779083967 69.4383207339 -0.240488929388
71.81580615 85.0461730351 -0.171269066439
71.869270086 95.4293760176 -0.0512779680119
71.917253971 99.855212076 0.0307276495015
71.969113111 98.0817214834 0.116613484142
72.018058061 90.209918922 0.157446498566
72.072041034 76.7332331526 0.274836141389
72.114961147 58.4890274889 0.253621303374
72.16934514 36.5969795897 0.319407440347
72.217941045 12.3970111535 0.264058586829
72.272454977 -12.5116493207 0.297938332535
72.316114187 -36.6523539869 0.246161737695
72.369660139 -58.542118262 0.261590343935
72.416920185 -76.7969637772 0.21351320733
72.471590042 -90.2442125543 0.228821414331
72.512135982 -98.0940687138 0.103411488302
72.570592165 -99.8508499648 -0.0334991082124
72.615574121 -95.3880563103 -0.0973105749336
72.670881033 -85.0109620144 -0.201192827399
72.715249061 -69.3184536773 -0.21964181054
72.779062032 -49.3646113098 -0.272933977639
72.81409502 -26.319494618 -0.319269055783
