74.86821413 0.0 0.0
74.912853002 36.6187337252 0.0
74.96472311 68.1265263007 0.0
75.014271974 90.2358088948 0.0
75.065926075 99.7459852156 0.0
75.11494112 95.4240980914 0.0465318760801
75.167674064 77.8393450108 0.128661335502
75.213901996 49.4390399343 0.158228254727
75.26843214 14.1648584512 0.258347694809
75.311184168 -23.0782666197 0.249229697361
75.368191957 -57.1135728549 0.329762096194
75.411148071 -83.2094887139 0.276202125732
75.468543052 -97.7420901534 0.304256638747
75.514316082 -98.6892794765 0.237562075309
75.568708181 -85.8835400333 0.262180027287
75.614309072 -61.2122101918 0.106851793751
75.666624069 -27.9214958142 -0.0449178272915
75.712402105 9.11170066826 -0.100147634119
75.771522998 44.9514486584 -0.161131074255
75.810851097 74.538270007 -0.186574057393
75.868810177 93.8061942774 -0.209674566953
75.913285017 99.979066271 -0.180523257644
75.96909213 92.2541015245 -0.187830716131
76.015037059 71.7630644397 -0.0714532609246
76.067399978 41.192753518 0.0336575392216
76.114545107 5.03271116148 0.0950446227435
76.166490078 -31.9703539225 0.206674636511
76.213613033 -64.3939698554 0.172089717209
76.268151998 -87.9781117751 0.19494387178
76.312847137 -99.2665373844 0.150768409066
76.368324041 -96.7757121974 0.155726967028
76.41021204 -80.87236731 0.0423492657169
76.465168953 -53.7041212245 -0.0748274016046
76.514197111 -19.0765694771 -0.131335160501
76.566980123 18.2015767582 -0.242238733932
76.613039016 52.954064702 -0.197323261764
76.666304111 80.3900153154 -0.250210442692
76.710988044 96.5690345558 -0.1219339175
76.775032043 99.3698472922 -0.0262596656402
76.809782982 88.368797197 0.0573448389409
76.865895033 65.0721075518 0.120707974121
76.912238121 32.7299875201 0.179459728709
76.966881036 -4.15144606074 0.285008367507
77.063436985 -71.1858436976 0.270569470556
77.113986969 -91.9378135662 0.2123780692
77.166416168 -99.9592455244 0.252222277895
77.210880041 -94.0841020607 0.109325114346
77.265702009 -75.1339709208 -0.0142879219513
77.310340166 -45.7598349263 -0.083092991496
77.363604068 -9.98843970852 -0.177768012565
77.41198802 27.1483513471 -0.179270329137
77.463593006 60.569439761 -0.252902442411
77.513586998 85.4672180395 -0.19469449449
77.564058065 98.5437128205 -0.254932652801
77.612998962 97.9254552738 -0.105914487019
77.665076017 83.6939752176 -0.0148198280414
77.711822986 57.827621604 0.0588923957829
77.772685051 23.9307065885 0.133052616601
77.811562061 -13.2693931338 0.229627355602
77.866652012 -48.7141717345 0.301514118246
77.910295963 -77.3143773734 0.270265540349
77.966055154 -95.1556420918 0.279302617572
78.013576984 -99.8017933481 0.215730538996
78.065348148 -90.5607033378 0.254538144053
78.113911152 -68.7174639134 0.0908464599925
78.165124178 -37.2818084396 -0.0470089582287
78.209331989 -0.780266454309 -0.110479480651
78.26425004 35.901562648 -0.185418014926
78.308784008 67.5887274912 -0.194509683036
78.364979028 89.8629150833 -0.24392926633
78.410555124 99.6909199889 -0.199413547839
78.465705156 95.6393897514 -0.217012403547
78.509066105 78.2978969706 -0.102011051465
78.56427598 50.0682613952 0.00730240740447
78.613911152 14.9269245533 0.0710144411306
78.662909031 -22.3842429025 0.18149087637
78.710263967 -56.5141370298 0.159814026567
78.774255991 -82.7760001205 0.149585657738
78.809997081 -97.5713064024 0.15502154523
78.861865043 -98.8127693852 0.139468213538
78.909787178 -86.2884820992 0.0447086508145
78.964995145 -61.7812443194 -0.0548742720412
79.01368618 -28.6906070976 -0.101963102653
79.061638117 8.33226431332 -0.221482564927
79.113279104 44.3084026965 -0.171532565789
79.163783073 74.0350820643 -0.218045516383
79.210704088 93.5272440381 -0.0861696832432
79.263170004 99.9919647502 0.00351283297903
79.309798956 92.5594378715 0.0548418501878
79.363608122 72.2600391657 0.123305088951
79.409846067 41.9242454092 0.163923850855
79.461907148 5.75328229313 0.2725914969
79.513303041 -31.2088301563 0.210451465451
79.615095138 -87.5944205779 0.253709263893
79.663644075 -99.1768278658 0.276414599974
79.707343101 -96.9744132863 0.11941014429
79.77158308 -81.292938666 0.00663454451005
79.809206962 -54.3719399184 -0.0841945283583
79.862704038 -19.7828596471 -0.156537770401
79.909271001 17.4323817501 -0.166228748909
79.964164018 52.2855353158 -0.252652828319
80.008718967 79.9213442361 -0.213032585897
80.061757087 96.3805016798 -0.253453044716
80.11404705 99.4528607963 -0.112128038798
80.163670063 88.7160711194 -0.0424798268497
80.209424972 65.6188888456 0.0450640389209
80.264402151 33.4216231104 0.126971120144
80.305461168 -3.4221222943 0.180672518292
80.363622188 -39.7935233663 0.275492572173
80.409306049 -70.5890829602 0.242564392708
80.460824012 -91.6280778947 0.285079691524
80.513065099 -99.932208174 0.171987615801
80.563652038 -94.3411240743 0.255714958361
80.612673044 -75.6051783318 0.0742539636987
80.662855148 -46.3896623312 -0.0732245304023
80.708163023 -10.7755220424 -0.128390373638
80.771660089 26.4270889778 -0.196104163301
80.807419061 59.8795946411 -0.253837610321
80.864336967 85.0674238998 -0.254997785758
80.906944036 98.4183164744 -0.221420088765
80.963762045 98.0746858437 -0.24307928495
81.013413191 84.111887845 -0.10671938972
81.062492132 58.4556158499 -0.0222968339924
81.114001989 24.6380118243 0.0518814874598
81.160802126 -12.5009452753 0.164662146181
81.206305027 -48.0524361745 0.136700295219
81.263098001 -76.8264273004 0.149075922666
81.308845043 -94.9185189953 0.114064358522
81.362234115 -99.8494212253 0.128374679373
81.40963602 -90.9035564092 0.0405821875724
81.459964037 -69.320516104 -0.0315852301512
81.51326704 -38.0676933648 -0.0715304726827
81.560997963 -1.59624319897 -0.192824282908
81.611312151 35.178751002 -0.132786004616
81.660964012 66.9939556676 -0.197428027924
81.706835985 89.529024718 -0.0841224989385
81.769837141 99.6242044034 -0.0153583848525
81.805499077 95.8739407069 0.0484508188226
81.862934112 78.7992658969 0.0906517772645
81.90431118 50.7743596525 0.145320059894
81.95985198 15.6859858599 0.237054867773
82.014604091 -21.5749067164 0.19923419939
82.060853958 -55.8396303872 0.326766950487
82.108860016 -82.368045902 0.21931327917
82.160762071 -97.4044239521 0.269653773825
82.206449985 -98.9263212166 0.131608503728
82.261054039 -86.6954456375 0.0310103898146
82.307271957 -62.421548997 -0.0518403273813
82.360242128 -29.4635125169 -0.129172435558
82.403993129 7.57638896166 -0.166396375708
82.457879066 43.5758576194 -0.268063001298
82.503789186 73.5415259112 -0.232085540182
82.558046102 93.2520487232 -0.259224077535
82.613733053 99.9984933193 -0.170446681486
82.658694029 92.8638434743 -0.249026355656
82.706288099 72.7930428649 -0.0798685634576
82.76641798 42.6556142679 0.0739454980794
82.806090116 6.57758087588 0.156791658508
82.860838174 -30.4395042414 0.248692985603
82.906643152 -63.2052659214 0.222307627787
82.960524082 -87.223916076 0.253550449111
83.013246059 -99.0702293178 0.120385641077
83.060534954 -97.1691710696 0.0694225356714
83.113411188 -81.7651469076 -0.0248347111861
83.157294988 -54.9949729547 -0.128094467662
83.206355095 -20.5822764855 -0.141580551384
83.261569976 16.6903311449 -0.244504158218
83.304982185 51.6447079459 -0.227396468123
83.361603975 79.4459165866 -0.289695115608
83.460018158 99.5301669313 -0.257267410328
83.51103115 89.0511521423 -0.124644482723
83.559614181 66.1977705048 -0.0483682461063
83.608203172 34.1465921292 0.0369829453754
83.659748077 -2.61146404501 0.131850276958
83.706376075 -39.0552510198 0.111415227392
83.769207 -70.0391054581 0.118249970059
83.806369066 -91.3107220445 0.124606581346
83.858061075 -99.9003764402 0.133926290232
83.903833151 -94.596196139 0.0566234968237
83.958737135 -76.1441797274 0.000839210502466
84.013627052 -47.1116590034 -0.0499458215614
84.060027122 -11.5276490688 -0.169309184232
84.111384153 25.6505991061 -0.122688030778
84.159763097 59.2705713834 -0.18928906344
84.204652071 84.653130852 -0.136516998584
84.25713396 98.2687878826 -0.143104376445
84.301735162 98.2270244639 -0.041580919725
84.357645988 84.5336270541 0.0488278066219
84.402743101 59.0916681389 0.106768298006
84.458487034 25.4360191239 0.198788951616
84.509299993 -11.7608694927 0.173421016477
84.556856155 -47.3139293782 0.327722136198
84.611420154 -76.2897125358 0.217654299862
84.659744978 -94.6957245294 0.308207371847
84.706778049 -99.8860491733 0.144008712508
84.767776012 -91.193537826 0.0528758640678
84.805071115 -69.8800076826 -0.0432405294604
84.856930017 -38.8266157965 -0.115503409617
